#	L	g	lambda	kappa	h	time	p	tm	magx	magy	magz	magChain	suscChain	deco	measure	err_magx	err_magy	err_magz	err_deco	err_magChain	err_suscChain	
6.000000000000000000e+00 1.000000000000000000e+00 1.666666666669829600e-01 3.475092791279720678e-02 3.475092791279720678e-02 0.000000000000000000e+00 2.777777777780211788e-02 1.000000000000158817e-01 8.520386407006681484e-01 5.606496991612421670e-16 5.037553875976876760e-01 7.500751102796099357e-01 4.404041071354218850e+00 9.607240625762968750e-03 1.000000000000000000e+04 2.340679085908596883e-04 9.027493347955129406e-18 2.232509212685133591e-04 5.409403110121855908e-05 1.023037195308759044e-03 3.454287666357434405e-03
6.000000000000000000e+00 1.000000000000000000e+00 1.666666666669829600e-01 3.475092791279720678e-02 3.475092791279720678e-02 5.000000000000794087e-02 2.777777777780211788e-02 1.000000000000158817e-01 8.520386670387221084e-01 6.158595352909342250e-06 5.037548598212204798e-01 7.499727075833411138e-01 4.403203579534968881e+00 9.606790149572438237e-03 1.000000000000000000e+04 2.341123861516587149e-04 1.071551881173970020e-05 2.232579654266439906e-04 5.408933414006276302e-05 1.022506343475574004e-03 3.445591470097762819e-03
6.000000000000000000e+00 1.000000000000000000e+00 1.666666666669829600e-01 3.475092791279720678e-02 3.475092791279720678e-02 1.000000000000158817e-01 2.777777777780211788e-02 1.000000000000158817e-01 8.520387379567874175e-01 1.037966545291458420e-05 5.037532777614376345e-01 7.496690174457828482e-01 4.400733679590393521e+00 9.605447880413621811e-03 1.000000000000000000e+04 2.342457786023914134e-04 2.142151489484922405e-05 2.232787091851738692e-04 5.407526305402132792e-05 1.021000913045590729e-03 3.420687386793305664e-03
6.000000000000000000e+00 1.000000000000000000e+00 1.666666666669829600e-01 3.475092791279720678e-02 3.475092791279720678e-02 1.500000000000179246e-01 2.777777777780211788e-02 1.000000000000158817e-01 8.520213995594282386e-01 1.098645765786923601e-05 5.037625291398225569e-01 7.490688594044667692e-01 4.396382932154296874e+00 9.097139034485555650e-03 1.000000000000000000e+04 3.306958186279471590e-04 3.379458131327812184e-05 3.136497464015568725e-04 7.284542496137462735e-05 1.429318385229461997e-03 4.909996101656159857e-03
6.000000000000000000e+00 1.000000000000000000e+00 1.666666666669829600e-01 3.475092791279720678e-02 3.475092791279720678e-02 2.000000000000317635e-01 2.777777777780211788e-02 1.000000000000158817e-01 8.520214659506151200e-01 3.419546510806052630e-06 5.037573112556291699e-01 7.481087854585836139e-01 4.388725762830930854e+00 9.092995814830317353e-03 1.000000000000000000e+04 3.310063593045739494e-04 4.755661455424865981e-05 3.136786701406473615e-04 7.280799726751852074e-05 1.426018634724174946e-03 4.856233125007628978e-03
6.000000000000000000e+00 1.000000000000000000e+00 1.666666666669829600e-01 3.475092791279720678e-02 3.475092791279720678e-02 2.500000000000000000e-01 2.777777777780211788e-02 1.000000000000158817e-01 8.520223720764175113e-01 -1.451124994598922637e-05 5.037553766643275699e-01 7.468059055273225111e-01 4.378558896258001099e+00 8.579723945954926406e-03 1.000000000000000000e+04 4.043440481026824309e-04 6.265841238660141150e-05 3.814526088935321180e-04 8.425461470890714525e-05 1.722303638072917534e-03 5.940927583071727545e-03
6.000000000000000000e+00 1.000000000000000000e+00 1.666666666669829600e-01 3.475092791279720678e-02 3.475092791279720678e-02 3.000000000000358491e-01 2.777777777780211788e-02 1.000000000000158817e-01 8.520221244937320471e-01 -4.788974616207688378e-05 5.037445968098701599e-01 7.449372989419096314e-01 4.364073928897151511e+00 8.571818045359927765e-03 1.000000000000000000e+04 4.048644388984035201e-04 7.875587310873220532e-05 3.814683205070860277e-04 8.418565819330897269e-05 1.717294194106981642e-03 5.861230123823182002e-03
6.000000000000000000e+00 1.000000000000000000e+00 1.666666666669829600e-01 3.475092791279720678e-02 3.475092791279720678e-02 3.499999999999403588e-01 2.777777777780211788e-02 1.000000000000158817e-01 8.516712037733524809e-01 -1.284994618317093404e-04 5.040577208666389142e-01 7.411505465582386432e-01 4.342474101303963607e+00 8.098630424052528226e-03 1.000000000000000000e+04 4.791632558636355695e-04 9.665666301095006028e-05 4.467366661488738960e-04 9.192230295710214581e-05 1.989554887304184269e-03 6.834447523129921764e-03
6.000000000000000000e+00 1.000000000000000000e+00 1.666666666669829600e-01 3.475092791279720678e-02 3.475092791279720678e-02 4.000000000000635270e-01 2.777777777780211788e-02 1.000000000000158817e-01 8.516697596324785957e-01 -2.227613080692037774e-04 5.040389508679510300e-01 7.382309920504555034e-01 4.320706683097567335e+00 8.086423491383307877e-03 1.000000000000000000e+04 4.799323514785194377e-04 1.151250121922685094e-04 4.466558760699946640e-04 9.181215667554159415e-05 1.983285481649672399e-03 6.739491631630235326e-03
6.000000000000000000e+00 1.000000000000000000e+00 1.666666666669829600e-01 3.475092791279720678e-02 3.475092791279720678e-02 4.499999999999155231e-01 2.777777777780211788e-02 1.000000000000158817e-01 8.516313663080680163e-01 -3.292872974836844892e-04 5.040563146521898075e-01 7.347242136701399584e-01 4.296000591295840110e+00 7.605791865592619917e-03 1.000000000000000000e+04 5.323445722874408769e-04 1.349798981371863366e-04 4.923409654757598519e-04 9.617553780157752947e-05 2.176350023684399133e-03 7.502280916132634224e-03
6.000000000000000000e+00 1.000000000000000000e+00 1.666666666669829600e-01 3.475092791279720678e-02 3.475092791279720678e-02 5.000000000000000000e-01 2.777777777780211788e-02 1.000000000000158817e-01 8.516279779899661451e-01 -4.902981279113750824e-04 5.040277542513120768e-01 7.307426372303895690e-01 4.267977651886234902e+00 7.589371897993899864e-03 1.000000000000000000e+04 5.333884296300508109e-04 1.550253206413293114e-04 4.921398103762280891e-04 9.601895030580598540e-05 2.170530059059417455e-03 7.401896381338207362e-03
6.000000000000000000e+00 1.000000000000000000e+00 1.666666666669829600e-01 3.475092791279720678e-02 3.475092791279720678e-02 5.500000000001021849e-01 2.777777777780211788e-02 1.000000000000158817e-01 8.514434588095225465e-01 -7.028051679696452770e-04 5.041733184222633168e-01 7.251038116355870145e-01 4.231881927986187009e+00 7.176219593219377441e-03 1.000000000000000000e+04 5.795023614104536161e-04 1.770149293721642923e-04 5.319253425996950738e-04 9.979220040651177537e-05 2.346771746083667169e-03 8.181073827856601491e-03
6.000000000000000000e+00 1.000000000000000000e+00 1.666666666669829600e-01 3.475092791279720678e-02 3.475092791279720678e-02 6.000000000000716982e-01 2.777777777780211788e-02 1.000000000000158817e-01 8.514365539274229011e-01 -9.624924014436064519e-04 5.041324404974689699e-01 7.200655024328084242e-01 4.198779447970554912e+00 7.156329786417062015e-03 1.000000000000000000e+04 5.808514961293843870e-04 1.985167901981518205e-04 5.315427244764238130e-04 9.958373349911405262e-05 2.341953058693768512e-03 8.075918504409178994e-03
6.000000000000000000e+00 1.000000000000000000e+00 1.666666666669829600e-01 3.475092791279720678e-02 3.475092791279720678e-02 6.499999999999058753e-01 2.777777777780211788e-02 1.000000000000158817e-01 8.515530917218860907e-01 -1.260165467057162633e-03 5.039726189402550238e-01 7.153362247779093686e-01 4.167957799426159404e+00 6.757535900444675697e-03 1.000000000000000000e+04 6.117507282429375135e-04 2.224965386964064442e-04 5.581729291121802130e-04 1.015022033254548258e-04 2.473287695356525193e-03 8.678047421202416192e-03
6.000000000000000000e+00 1.000000000000000000e+00 1.666666666669829600e-01 3.475092791279720678e-02 3.475092791279720678e-02 6.999999999998807176e-01 2.777777777780211788e-02 1.000000000000158817e-01 8.515411360298298371e-01 -1.618931964436642196e-03 5.039166267076878869e-01 7.093382515465143090e-01 4.131461115407432771e+00 6.735700144001230058e-03 1.000000000000000000e+04 6.134293599977996619e-04 2.450169308326375045e-04 5.575988013075260531e-04 1.012409122308350327e-04 2.470151910633628257e-03 8.562501981565169562e-03
6.000000000000000000e+00 1.000000000000000000e+00 1.666666666669829600e-01 3.475092791279720678e-02 3.475092791279720678e-02 7.500000000000000000e-01 2.777777777780211788e-02 1.000000000000158817e-01 8.512356778465888230e-01 -2.084580498290117441e-03 5.041221460721745373e-01 7.023551745310989691e-01 4.094420383924767926e+00 6.422937934684391607e-03 1.000000000000000000e+04 6.498359337672994594e-04 2.688202510576768360e-04 5.885398460439171184e-04 1.029791179266941983e-04 2.606673983385833591e-03 9.126489355111913615e-03
6.000000000000000000e+00 1.000000000000000000e+00 1.666666666669829600e-01 3.475092791279720678e-02 3.475092791279720678e-02 8.000000000001270539e-01 2.777777777780211788e-02 1.000000000000158817e-01 8.512163086498276687e-01 -2.575204749234521421e-03 5.040479940310675921e-01 6.955010407754033119e-01 4.056012826139590466e+00 6.401160976435764198e-03 1.000000000000000000e+04 6.518357227466967151e-04 2.924477749480217559e-04 5.877212516204932463e-04 1.026715434755560963e-04 2.604562699634835245e-03 8.997683431894994838e-03
6.000000000000000000e+00 1.000000000000000000e+00 1.666666666669829600e-01 3.475092791279720678e-02 3.475092791279720678e-02 8.500000000001575184e-01 2.777777777780211788e-02 1.000000000000158817e-01 8.511487807283362184e-01 -3.136761658665869305e-03 5.039606882457489112e-01 6.890209671263516356e-01 4.024301795866753295e+00 6.058677579516526940e-03 1.000000000000000000e+04 6.832114929699247300e-04 3.191178072844841080e-04 6.129426120881974020e-04 1.029668662483385798e-04 2.727878165412867418e-03 9.479119996671300438e-03
6.000000000000000000e+00 1.000000000000000000e+00 1.666666666669829600e-01 3.475092791279720678e-02 3.475092791279720678e-02 8.999999999998310463e-01 2.777777777780211788e-02 1.000000000000158817e-01 8.511200840178564375e-01 -3.762868139420026247e-03 5.038640705949763987e-01 6.814418512547404383e-01 3.985530992440283526e+00 6.039292834412784451e-03 1.000000000000000000e+04 6.855557778648373396e-04 3.435982943089551625e-04 6.118294988942044174e-04 1.026181856616707424e-04 2.727567043169345021e-03 9.334777157133393802e-03
6.000000000000000000e+00 1.000000000000000000e+00 1.666666666669829600e-01 3.475092791279720678e-02 3.475092791279720678e-02 9.499999999999894085e-01 2.777777777780211788e-02 1.000000000000158817e-01 8.511946222298220066e-01 -4.424747196389602205e-03 5.036971457226858684e-01 6.735721670862234722e-01 3.942174801471966195e+00 5.720114295371796567e-03 1.000000000000000000e+04 7.060622653503723480e-04 3.705415484866754049e-04 6.276841319249870915e-04 1.019311515964589073e-04 2.826808622164250773e-03 9.934421801939298524e-03
6.000000000000000000e+00 1.000000000000000000e+00 1.666666666669829600e-01 3.475092791279720678e-02 3.475092791279720678e-02 1.000000000000000000e+00 2.777777777780211788e-02 1.000000000000158817e-01 8.511545608611091884e-01 -5.203465174020137710e-03 5.035751021993354337e-01 6.653728722587830546e-01 3.903995715578053805e+00 5.706085448823354847e-03 1.000000000000000000e+04 7.087615632679210471e-04 3.955671201606863487e-04 6.262324652276602191e-04 1.015586128129022898e-04 2.827749084496322760e-03 9.773125697971217843e-03
6.000000000000000000e+00 1.000000000000000000e+00 1.666666666669829600e-01 3.475092791279720678e-02 3.475092791279720678e-02 1.049999999999940092e+00 2.777777777780211788e-02 1.000000000000158817e-01 8.514503973985471097e-01 -6.026295902596003236e-03 5.031379151675289263e-01 6.583652243034456841e-01 3.870264149074513327e+00 5.362975961196091330e-03 1.000000000000000000e+04 7.260463994578714511e-04 4.219723079898272770e-04 6.380645130124617571e-04 1.001153315039063563e-04 2.931548925449186868e-03 1.030122098012654398e-02
6.000000000000000000e+00 1.000000000000000000e+00 1.666666666669829600e-01 3.475092791279720678e-02 3.475092791279720678e-02 1.100000000000204370e+00 2.777777777780211788e-02 1.000000000000158817e-01 8.513963612151819182e-01 -6.956917663776508547e-03 5.029847460431366990e-01 6.495652561497862187e-01 3.832867339184026889e+00 5.357068725931800335e-03 1.000000000000000000e+04 7.291204404741073687e-04 4.478058835904521204e-04 6.362165401427917087e-04 9.972484267448457633e-05 2.934063268044476147e-03 1.011781567336208880e-02
6.000000000000000000e+00 1.000000000000000000e+00 1.666666666669829600e-01 3.475092791279720678e-02 3.475092791279720678e-02 1.149999999999788525e+00 2.777777777780211788e-02 1.000000000000158817e-01 8.515754555199573916e-01 -7.956837989236900319e-03 5.026038291118345436e-01 6.417806456612907828e-01 3.799449750599723341e+00 5.104825308484579362e-03 1.000000000000000000e+04 7.419924725022775591e-04 4.756144230025926602e-04 6.456970830698975129e-04 9.888628164624343835e-05 3.030637325626346287e-03 1.059315977942980151e-02
6.000000000000000000e+00 1.000000000000000000e+00 1.666666666669829600e-01 3.475092791279720678e-02 3.475092791279720678e-02 1.200000000000143396e+00 2.777777777780211788e-02 1.000000000000158817e-01 8.515046463392776932e-01 -9.052710781059097878e-03 5.024153313638384244e-01 6.325100484162130554e-01 3.763470071904420067e+00 5.109681937533363041e-03 1.000000000000000000e+04 7.454485199943900039e-04 5.020560960535722875e-04 6.435091520758978896e-04 9.849739932011429013e-05 3.033619914954035698e-03 1.038837209321001424e-02
6.000000000000000000e+00 1.000000000000000000e+00 1.666666666669829600e-01 3.475092791279720678e-02 3.475092791279720678e-02 1.250000000000000000e+00 2.777777777780211788e-02 1.000000000000158817e-01 8.516707849959482823e-01 -1.018014634361045882e-02 5.019942670389163641e-01 6.239997841513107435e-01 3.730314831134615261e+00 4.821685935275521126e-03 1.000000000000000000e+04 7.626701519123229049e-04 5.301125999343310642e-04 6.546802726125382698e-04 9.552258991916497447e-05 3.140663724072085845e-03 1.083169477444178609e-02
6.000000000000000000e+00 1.000000000000000000e+00 1.666666666669829600e-01 3.475092791279720678e-02 3.475092791279720678e-02 1.299999999999811751e+00 2.777777777780211788e-02 1.000000000000158817e-01 8.515807107911590457e-01 -1.145367260163976733e-02 5.017657799505643723e-01 6.143407726963192594e-01 3.695760105835637077e+00 4.840461213117643220e-03 1.000000000000000000e+04 7.664712095165790136e-04 5.571009987963424425e-04 6.520899262286170353e-04 9.516159123079899788e-05 3.143009245392730869e-03 1.060965054403754070e-02
6.000000000000000000e+00 1.000000000000000000e+00 1.666666666669829600e-01 3.475092791279720678e-02 3.475092791279720678e-02 1.350000000000233902e+00 2.777777777780211788e-02 1.000000000000158817e-01 8.515406476488486254e-01 -1.280392406290361065e-02 5.015264730087255485e-01 6.047285147142106299e-01 3.658722907558067394e+00 4.653521758974999908e-03 1.000000000000000000e+04 7.801079301447606286e-04 5.856218561344518885e-04 6.606748735913174327e-04 9.317450997519270326e-05 3.246044781853051498e-03 1.106680360409428680e-02
6.000000000000000000e+00 1.000000000000000000e+00 1.666666666669829600e-01 3.475092791279720678e-02 3.475092791279720678e-02 1.399999999999761435e+00 2.777777777780211788e-02 1.000000000000158817e-01 8.514279188959923417e-01 -1.426738944355868989e-02 5.012533066307721663e-01 5.948272740650403234e-01 3.626053239458969735e+00 4.688282455702857607e-03 1.000000000000000000e+04 7.842783066726346760e-04 6.131897264805743607e-04 6.577218915046990563e-04 9.286217889093522043e-05 3.246872890299839533e-03 1.082761263299303854e-02
6.000000000000000000e+00 1.000000000000000000e+00 1.666666666669829600e-01 3.475092791279720678e-02 3.475092791279720678e-02 1.450000000000244205e+00 2.777777777780211788e-02 1.000000000000158817e-01 8.514531873841220122e-01 -1.584209621444204741e-02 5.008477237263868620e-01 5.849336201147511405e-01 3.590779000219632699e+00 4.525488793890876035e-03 1.000000000000000000e+04 7.955352393328230833e-04 6.452767386297850139e-04 6.622674477497772711e-04 9.142917971619035633e-05 3.352915297359281444e-03 1.127265715911404328e-02
6.000000000000000000e+00 1.000000000000000000e+00 1.666666666669829600e-01 3.475092791279720678e-02 3.475092791279720678e-02 1.500000000000000000e+00 2.777777777780211788e-02 1.000000000000158817e-01 8.513143218290549763e-01 -1.750231434398425226e-02 5.005227908518066204e-01 5.748718767190488244e-01 3.560190655020507133e+00 4.578597330569514692e-03 1.000000000000000000e+04 8.001250804833876960e-04 6.735296950262465929e-04 6.588201241216966016e-04 9.118902004649320336e-05 3.352151398907283770e-03 1.102126851306716761e-02
6.000000000000000000e+00 1.000000000000000000e+00 1.666666666669829600e-01 3.475092791279720678e-02 3.475092791279720678e-02 1.549999999999724709e+00 2.777777777780211788e-02 1.000000000000158817e-01 8.510460254404051961e-01 -1.933441959140871913e-02 5.002609622663445332e-01 5.646407032499209944e-01 3.534619688932692849e+00 4.426187237891879636e-03 1.000000000000000000e+04 8.198559257201178336e-04 7.089038817486432694e-04 6.699236478081285404e-04 8.880221311396794138e-05 3.480471812781002830e-03 1.136543439607100997e-02
6.000000000000000000e+00 1.000000000000000000e+00 1.666666666669829600e-01 3.475092791279720678e-02 3.475092791279720678e-02 1.600000000000254108e+00 2.777777777780211788e-02 1.000000000000158817e-01 8.508772147253165219e-01 -2.119679649738682309e-02 4.998760972912642542e-01 5.545718513616801904e-01 3.506128091984687334e+00 4.499458679686453404e-03 1.000000000000000000e+04 8.248702790784169601e-04 7.379901657633999683e-04 6.659500871914746404e-04 8.867048093604701234e-05 3.476543395129678016e-03 1.110122172537590483e-02
6.000000000000000000e+00 1.000000000000000000e+00 1.666666666669829600e-01 3.475092791279720678e-02 3.475092791279720678e-02 1.649999999999755218e+00 2.777777777780211788e-02 1.000000000000158817e-01 8.506194723168984950e-01 -2.322008051271642892e-02 4.995339364657297443e-01 5.425474975075713635e-01 3.471744438214549255e+00 4.433617866318668652e-03 1.000000000000000000e+04 8.383929604333857947e-04 7.733872871036079778e-04 6.706262754629713479e-04 8.822129420143913806e-05 3.598234290287702364e-03 1.152141209138524136e-02
6.000000000000000000e+00 1.000000000000000000e+00 1.666666666669829600e-01 3.475092791279720678e-02 3.475092791279720678e-02 1.700000000000315037e+00 2.777777777780211788e-02 1.000000000000158817e-01 8.504173640999440620e-01 -2.530237018239519728e-02 4.990865466824969121e-01 5.325377911127089359e-01 3.445411519753027285e+00 4.528477581959199950e-03 1.000000000000000000e+04 8.438312860593574815e-04 8.031055075848672880e-04 6.661279499295234699e-04 8.823273045914655725e-05 3.591145781458927530e-03 1.124874644406237585e-02
6.000000000000000000e+00 1.000000000000000000e+00 1.666666666669829600e-01 3.475092791279720678e-02 3.475092791279720678e-02 1.750000000000000000e+00 2.777777777780211788e-02 1.000000000000158817e-01 8.503054987939087095e-01 -2.760073092311010959e-02 4.984761623458602853e-01 5.232320421000510313e-01 3.426735385343704365e+00 4.449574777439410135e-03 1.000000000000000000e+04 8.547248414848458448e-04 8.416279549166171990e-04 6.673894665656961286e-04 8.687312544213654324e-05 3.710478187110143912e-03 1.154890886006420397e-02
6.000000000000000000e+00 1.000000000000000000e+00 1.666666666669829600e-01 3.475092791279720678e-02 3.475092791279720678e-02 1.799999999999662093e+00 2.777777777780211788e-02 1.000000000000158817e-01 8.500660929135019916e-01 -2.987267354604240810e-02 4.979627222042181667e-01 5.134500212736363700e-01 3.401898237907907685e+00 4.566438507445304447e-03 1.000000000000000000e+04 8.606173914557568513e-04 8.719156518453470301e-04 6.624544584415537453e-04 8.707180148091536124e-05 3.698728252190297376e-03 1.127193096677732431e-02
6.000000000000000000e+00 1.000000000000000000e+00 1.666666666669829600e-01 3.475092791279720678e-02 3.475092791279720678e-02 1.850000000000061151e+00 2.777777777780211788e-02 1.000000000000158817e-01 8.498788241875763205e-01 -3.232026584615357162e-02 4.973582050930880349e-01 5.036810438607859375e-01 3.374449110427901743e+00 4.505709420174233183e-03 1.000000000000000000e+04 8.730818327351524792e-04 9.076149527801711126e-04 6.653151425328858665e-04 8.660164555476316237e-05 3.807554755730809416e-03 1.166614810231465793e-02
6.000000000000000000e+00 1.000000000000000000e+00 1.666666666669829600e-01 3.475092791279720678e-02 3.475092791279720678e-02 1.899999999999978817e+00 2.777777777780211788e-02 1.000000000000158817e-01 8.495993047648949803e-01 -3.477980359457730208e-02 4.967837387386439540e-01 4.941865457657024230e-01 3.350950760186327315e+00 4.644119876832922614e-03 1.000000000000000000e+04 8.793828975680519511e-04 9.380902267847938914e-04 6.601422081769626029e-04 8.699781481986681921e-05 3.791185543528953917e-03 1.138699132388682096e-02
6.000000000000000000e+00 1.000000000000000000e+00 1.666666666669829600e-01 3.475092791279720678e-02 3.475092791279720678e-02 1.950000000000367884e+00 2.777777777780211788e-02 1.000000000000158817e-01 8.492930372406223283e-01 -3.727827965324593401e-02 4.961670705505242807e-01 4.851843458109931784e-01 3.329168638614540487e+00 4.613205978849795053e-03 1.000000000000000000e+04 8.930100952779081386e-04 9.772464708265040604e-04 6.618841683067642036e-04 8.572511281792951493e-05 3.889744737261542715e-03 1.169508722984798077e-02
6.000000000000000000e+00 1.000000000000000000e+00 1.666666666669829600e-01 3.475092791279720678e-02 3.475092791279720678e-02 2.000000000000000000e+00 2.777777777780211788e-02 1.000000000000158817e-01 8.489714586999682622e-01 -3.991519131568969925e-02 4.955305426758398468e-01 4.760820437420533180e-01 3.306683340838064922e+00 4.772506343915178598e-03 1.000000000000000000e+04 8.997381599311781884e-04 1.007784196202212096e-03 6.564592198743738867e-04 8.633032411446368360e-05 3.867658392047784374e-03 1.142036513432724380e-02
6.000000000000000000e+00 1.000000000000000000e+00 1.666666666669829600e-01 3.475092791279720678e-02 3.475092791279720678e-02 2.049999999999614797e+00 2.777777777780211788e-02 1.000000000000158817e-01 8.486308060815599408e-01 -4.263191371223212789e-02 4.948133069975477194e-01 4.679132088262384914e-01 3.285391870739216458e+00 4.750156804648486900e-03 1.000000000000000000e+04 9.144808790399852920e-04 1.047426579076032958e-03 6.585091006634138499e-04 8.552201556347945900e-05 3.964274177947152943e-03 1.178528914387821404e-02
6.000000000000000000e+00 1.000000000000000000e+00 1.666666666669829600e-01 3.475092791279720678e-02 3.475092791279720678e-02 2.099999999999880185e+00 2.777777777780211788e-02 1.000000000000158817e-01 8.482639295525908896e-01 -4.543220079688454344e-02 4.941166877193816642e-01 4.592479806503840245e-01 3.263755313115503487e+00 4.928495866614409325e-03 1.000000000000000000e+04 9.216462342991181165e-04 1.078008102356251170e-03 6.529190969731320671e-04 8.634404159879532990e-05 3.937141123166690293e-03 1.151659701010825446e-02
6.000000000000000000e+00 1.000000000000000000e+00 1.666666666669829600e-01 3.475092791279720678e-02 3.475092791279720678e-02 2.150000000000150457e+00 2.777777777780211788e-02 1.000000000000158817e-01 8.479104553650331777e-01 -4.844202146225905226e-02 4.933615513605290048e-01 4.507706751961891301e-01 3.240031548511505211e+00 4.939918127463993093e-03 1.000000000000000000e+04 9.325380526307244398e-04 1.117270861578627738e-03 6.510838254557559405e-04 8.627141187478757300e-05 4.027872798826098201e-03 1.185243610765299334e-02
6.000000000000000000e+00 1.000000000000000000e+00 1.666666666669829600e-01 3.475092791279720678e-02 3.475092791279720678e-02 2.200000000000408740e+00 2.777777777780211788e-02 1.000000000000158817e-01 8.474944944445185202e-01 -5.140140596369794507e-02 4.926085690717010857e-01 4.425748202707746048e-01 3.219104409187977467e+00 5.136859529794818822e-03 1.000000000000000000e+04 9.401404425025969638e-04 1.147709168123987183e-03 6.454200007628260651e-04 8.734280960479774464e-05 3.995479901277256517e-03 1.158929447742448188e-02
6.000000000000000000e+00 1.000000000000000000e+00 1.666666666669829600e-01 3.475092791279720678e-02 3.475092791279720678e-02 2.250000000000000000e+00 2.777777777780211788e-02 1.000000000000158817e-01 8.470877338905442588e-01 -5.429840701904324607e-02 4.918481516332987025e-01 4.358531611352315926e-01 3.198561804098908112e+00 5.167866881483951062e-03 1.000000000000000000e+04 9.518172940894383330e-04 1.182991526163901068e-03 6.474712024759400348e-04 8.871194403869716151e-05 4.072645983481278792e-03 1.191922870527626493e-02
6.000000000000000000e+00 1.000000000000000000e+00 1.666666666669829600e-01 3.475092791279720678e-02 3.475092791279720678e-02 2.299999999999577049e+00 2.777777777780211788e-02 1.000000000000158817e-01 8.466224073971224673e-01 -5.739176991399917022e-02 4.910484030092946983e-01 4.281581155595633459e-01 3.178168237470478275e+00 5.381808034234564914e-03 1.000000000000000000e+04 9.597931215213319689e-04 1.212995370109604988e-03 6.420072091797483869e-04 8.998948304234473871e-05 4.035095413503462201e-03 1.166348506361164494e-02
6.000000000000000000e+00 1.000000000000000000e+00 1.666666666669829600e-01 3.475092791279720678e-02 3.475092791279720678e-02 2.349999999999738520e+00 2.777777777780211788e-02 1.000000000000158817e-01 8.462447807969317726e-01 -6.072524343320871709e-02 4.900590558664361107e-01 4.196638474947649300e-01 3.157930918785690988e+00 5.401681922196727159e-03 1.000000000000000000e+04 9.713769843497782608e-04 1.252697404450452395e-03 6.399731060001841686e-04 9.019947236100417430e-05 4.128180565812056453e-03 1.196494835928623747e-02
6.000000000000000000e+00 1.000000000000000000e+00 1.666666666669829600e-01 3.475092791279720678e-02 3.475092791279720678e-02 2.400000000000286793e+00 2.777777777780211788e-02 1.000000000000158817e-01 8.457252822076835042e-01 -6.396521080085813826e-02 4.892088514648942899e-01 4.124674943766195589e-01 3.138481540708067730e+00 5.630945484401416595e-03 1.000000000000000000e+04 9.797712896394820438e-04 1.282436973008766086e-03 6.345905077764456542e-04 9.170896852158065408e-05 4.086269726470526109e-03 1.172014751767841423e-02
6.000000000000000000e+00 1.000000000000000000e+00 1.666666666669829600e-01 3.475092791279720678e-02 3.475092791279720678e-02 2.450000000000441158e+00 2.777777777780211788e-02 1.000000000000158817e-01 8.449570740975261840e-01 -6.715260465780864552e-02 4.884593162207068184e-01 4.067580306684571712e-01 3.126610531651100811e+00 5.654327293811240752e-03 1.000000000000000000e+04 9.999115986840615561e-04 1.325233547673597976e-03 6.387021862200592277e-04 9.133051429044917048e-05 4.178731778574514520e-03 1.202034845588595413e-02
6.000000000000000000e+00 1.000000000000000000e+00 1.666666666669829600e-01 3.475092791279720678e-02 3.475092791279720678e-02 2.500000000000000000e+00 2.777777777780211788e-02 1.000000000000158817e-01 8.443835409323688923e-01 -7.050510591461364718e-02 4.875648855420677275e-01 4.000656090159393496e-01 3.107475130612519454e+00 5.895512064925919997e-03 1.000000000000000000e+04 1.008755038347339044e-03 1.354597036503369691e-03 6.334808071151419324e-04 9.301320463348191107e-05 4.132618295184934017e-03 1.179042595339171301e-02
6.000000000000000000e+00 1.000000000000000000e+00 1.666666666669829600e-01 3.475092791279720678e-02 3.475092791279720678e-02 2.549999999999547295e+00 2.777777777780211788e-02 1.000000000000158817e-01 8.435949249362294511e-01 -7.404839850354517916e-02 4.868388252126025773e-01 3.927579032183366459e-01 3.087380357034795964e+00 5.936871537859057454e-03 1.000000000000000000e+04 1.025734119086032202e-03 1.392299093132987053e-03 6.384182185606864478e-04 9.337666549633416905e-05 4.209990080817328784e-03 1.210332513080132795e-02
6.000000000000000000e+00 1.000000000000000000e+00 1.666666666669829600e-01 3.475092791279720678e-02 3.475092791279720678e-02 2.599999999999623501e+00 2.777777777780211788e-02 1.000000000000158817e-01 8.429634252114439619e-01 -7.752026738506798131e-02 4.859083023733875017e-01 3.865445253744598242e-01 3.068672615766391054e+00 6.189398964807185134e-03 1.000000000000000000e+04 1.034976036258326805e-03 1.421081210266710547e-03 6.336099546327529858e-04 9.517614582628461243e-05 4.159709589506011863e-03 1.188078498399156371e-02
6.000000000000000000e+00 1.000000000000000000e+00 1.666666666669829600e-01 3.475092791279720678e-02 3.475092791279720678e-02 2.650000000000396927e+00 2.777777777780211788e-02 1.000000000000158817e-01 8.422168633491532441e-01 -8.130014765490035933e-02 4.850767716926067674e-01 3.787526508679936454e-01 3.046189398489705713e+00 6.249968890919391055e-03 1.000000000000000000e+04 1.045817911767040658e-03 1.458957861332487197e-03 6.357927282082992577e-04 9.627227812840647087e-05 4.240015237396428660e-03 1.218270714308019101e-02
6.000000000000000000e+00 1.000000000000000000e+00 1.666666666669829600e-01 3.475092791279720678e-02 3.475092791279720678e-02 2.700000000000467804e+00 2.777777777780211788e-02 1.000000000000158817e-01 8.415244465763331849e-01 -8.488765423420099876e-02 4.841141764537633119e-01 3.729824147719657534e-01 3.027994019622696875e+00 6.512425925058130428e-03 1.000000000000000000e+04 1.055468056330528944e-03 1.487109570771690025e-03 6.315023078425646306e-04 9.819010418360588175e-05 4.185905738335241218e-03 1.196751727181904860e-02
6.000000000000000000e+00 1.000000000000000000e+00 1.666666666669829600e-01 3.475092791279720678e-02 3.475092791279720678e-02 2.750000000000000000e+00 2.777777777780211788e-02 1.000000000000158817e-01 8.408511320963200086e-01 -8.836039199289862089e-02 4.831143188165835656e-01 3.685164174405016757e-01 3.013040026978135888e+00 6.530770834501245861e-03 1.000000000000000000e+04 1.069295172779954678e-03 1.523983644344623902e-03 6.360436609886276375e-04 9.809785458776519715e-05 4.248372288163071789e-03 1.226437855211212451e-02
6.000000000000000000e+00 1.000000000000000000e+00 1.666666666669829600e-01 3.475092791279720678e-02 3.475092791279720678e-02 2.799999999999522871e+00 2.777777777780211788e-02 1.000000000000158817e-01 8.400995455413498014e-01 -9.202738264864872286e-02 4.821276909656585508e-01 3.630943410940950522e-01 2.994966904134700680e+00 6.801019530801896522e-03 1.000000000000000000e+04 1.079359204958658339e-03 1.551429511355258486e-03 6.323795221168022375e-04 1.000871087876209665e-04 4.190907644052845570e-03 1.205081262788302264e-02
6.000000000000000000e+00 1.000000000000000000e+00 1.666666666669829600e-01 3.475092791279720678e-02 3.475092791279720678e-02 2.849999999999528910e+00 2.777777777780211788e-02 1.000000000000158817e-01 8.392905311307100602e-01 -9.568420509169810184e-02 4.809779375500311538e-01 3.586322886262691689e-01 2.981294215832198002e+00 6.817300834993652442e-03 1.000000000000000000e+04 1.099036204912192316e-03 1.591466065604880183e-03 6.371230308359017219e-04 1.004485007915959069e-04 4.269387251673682250e-03 1.234165326517898398e-02
6.000000000000000000e+00 1.000000000000000000e+00 1.666666666669829600e-01 3.475092791279720678e-02 3.475092791279720678e-02 2.900000000000488409e+00 2.777777777780211788e-02 1.000000000000158817e-01 8.384776094059572804e-01 -9.942326083852910668e-02 4.799690752289941797e-01 3.535270280657129005e-01 2.963275495499019918e+00 7.093023296653138202e-03 1.000000000000000000e+04 1.109525020394812886e-03 1.618224985278397636e-03 6.341314565281895100e-04 1.024870278057162356e-04 4.209208806148947817e-03 1.212915277531743247e-02
6.000000000000000000e+00 1.000000000000000000e+00 1.666666666669829600e-01 3.475092791279720678e-02 3.475092791279720678e-02 2.950000000000490008e+00 2.777777777780211788e-02 1.000000000000158817e-01 8.375964088442744426e-01 -1.032869862369511504e-01 4.789383120936652749e-01 3.482497971491409494e-01 2.946730403695657863e+00 7.130366958558493826e-03 1.000000000000000000e+04 1.125283515645633323e-03 1.654783250886821466e-03 6.387581905267618061e-04 1.033294323910088344e-04 4.283703065078070353e-03 1.242275809335948063e-02
6.000000000000000000e+00 1.000000000000000000e+00 1.666666666669829600e-01 3.475092791279720678e-02 3.475092791279720678e-02 3.000000000000000000e+00 2.777777777780211788e-02 1.000000000000158817e-01 8.367198239765503143e-01 -1.070989343095235663e-01 4.779142261602589148e-01 3.434420499940170624e-01 2.928574727166076919e+00 7.411461695700712581e-03 1.000000000000000000e+04 1.136168644437347353e-03 1.680709588920113262e-03 6.366086161996743894e-04 1.054146119075710175e-04 4.220710387869575780e-03 1.220639136527635477e-02
6.000000000000000000e+00 1.000000000000000000e+00 1.666666666669829600e-01 3.475092791279720678e-02 3.475092791279720678e-02 3.049999999999502442e+00 2.777777777780211788e-02 1.000000000000158817e-01 8.359546576365317616e-01 -1.107349963909844692e-01 4.768620730678407305e-01 3.397597329615101303e-01 2.912206162700445411e+00 7.442634219794898483e-03 1.000000000000000000e+04 1.149648552064659254e-03 1.712480798206100774e-03 6.400552287116507977e-04 1.065107178583368558e-04 4.276725024254282928e-03 1.248170623409921957e-02
6.000000000000000000e+00 1.000000000000000000e+00 1.666666666669829600e-01 3.475092791279720678e-02 3.475092791279720678e-02 3.099999999999449418e+00 2.777777777780211788e-02 1.000000000000158817e-01 8.350157704539380443e-01 -1.146029742948313918e-01 4.758356839574713337e-01 3.351519776044344368e-01 2.894093980847846748e+00 7.729379395446183375e-03 1.000000000000000000e+04 1.160902920786353095e-03 1.737391894540496386e-03 6.386686711152857448e-04 1.086525581213951719e-04 4.211473958693347230e-03 1.226290037606720534e-02
6.000000000000000000e+00 1.000000000000000000e+00 1.666666666669829600e-01 3.475092791279720678e-02 3.475092791279720678e-02 3.150000000000564793e+00 2.777777777780211788e-02 1.000000000000158817e-01 8.340451657172752720e-01 -1.182445701924340065e-01 4.748263085783486770e-01 3.324787763311670141e-01 2.881379392655324168e+00 7.766372289184040982e-03 1.000000000000000000e+04 1.178805901526508611e-03 1.769944138158952669e-03 6.462351828775502295e-04 1.101581326288058986e-04 4.268832002139670567e-03 1.251763398037490996e-02
6.000000000000000000e+00 1.000000000000000000e+00 1.666666666669829600e-01 3.475092791279720678e-02 3.475092791279720678e-02 3.200000000000508216e+00 2.777777777780211788e-02 1.000000000000158817e-01 8.330435289427807755e-01 -1.221527405245360770e-01 4.738010524579616689e-01 3.281002831418648458e-01 2.863469916430235518e+00 8.058209170778594596e-03 1.000000000000000000e+04 1.190422433108041843e-03 1.793827375810038696e-03 6.456903918177242952e-04 1.123655736118680593e-04 4.201746501369413127e-03 1.229784064453299554e-02
6.000000000000000000e+00 1.000000000000000000e+00 1.666666666669829600e-01 3.475092791279720678e-02 3.475092791279720678e-02 3.250000000000000000e+00 2.777777777780211788e-02 1.000000000000158817e-01 8.322329619360340214e-01 -1.259368409361794061e-01 4.727812509719583334e-01 3.235484444353289857e-01 2.844168627661668225e+00 8.078948111080447650e-03 1.000000000000000000e+04 1.200390147159373410e-03 1.822374699388310589e-03 6.506555543789583045e-04 1.125150050047957206e-04 4.261135661031180411e-03 1.258081828132013441e-02
6.000000000000000000e+00 1.000000000000000000e+00 1.666666666669829600e-01 3.475092791279720678e-02 3.475092791279720678e-02 3.299999999999510436e+00 2.777777777780211788e-02 1.000000000000158817e-01 8.311670008652494168e-01 -1.298977547288450995e-01 4.717564469355385870e-01 3.193998591500031847e-01 2.826565817146418524e+00 8.375945615737291974e-03 1.000000000000000000e+04 1.212331827202777065e-03 1.845311352812197513e-03 6.510013653529536301e-04 1.147708183644921261e-04 4.192486203085469057e-03 1.235953337814595272e-02
6.000000000000000000e+00 1.000000000000000000e+00 1.666666666669829600e-01 3.475092791279720678e-02 3.475092791279720678e-02 3.349999999999382361e+00 2.777777777780211788e-02 1.000000000000158817e-01 8.300799791616267909e-01 -1.338734719461165679e-01 4.707867946684787253e-01 3.159524512645011107e-01 2.807720183759702337e+00 8.449399110577992741e-03 1.000000000000000000e+04 1.225586052241704098e-03 1.875186352476784996e-03 6.578539599302340611e-04 1.156236870731984663e-04 4.237728944506382461e-03 1.258508810038322379e-02
6.000000000000000000e+00 1.000000000000000000e+00 1.666666666669829600e-01 3.475092791279720678e-02 3.475092791279720678e-02 3.400000000000630074e+00 2.777777777780211788e-02 1.000000000000158817e-01 8.289477099083940592e-01 -1.378747713574313416e-01 4.697681591504579979e-01 3.119179735676250176e-01 2.790186968676648949e+00 8.752037094811270651e-03 1.000000000000000000e+04 1.237897703160188018e-03 1.897036813035984405e-03 6.591066488415006164e-04 1.179243677973496556e-04 4.167865918100044538e-03 1.235981494077984487e-02
6.000000000000000000e+00 1.000000000000000000e+00 1.666666666669829600e-01 3.475092791279720678e-02 3.475092791279720678e-02 3.450000000000341238e+00 2.777777777780211788e-02 1.000000000000158817e-01 8.278145122305384795e-01 -1.420235560764482319e-01 4.686821272597541110e-01 3.077710697817532259e-01 2.768439938075222706e+00 8.826087105290675305e-03 1.000000000000000000e+04 1.251608028637189165e-03 1.926589552276957492e-03 6.678590374722174171e-04 1.193741868403796336e-04 4.214690852398393292e-03 1.261128517091079926e-02
6.000000000000000000e+00 1.000000000000000000e+00 1.666666666669829600e-01 3.475092791279720678e-02 3.475092791279720678e-02 3.500000000000000000e+00 2.777777777780211788e-02 1.000000000000158817e-01 8.266141445265696719e-01 -1.460680824529110577e-01 4.676739815924594312e-01 3.038168637299557551e-01 2.751265876502501317e+00 9.134326846925795024e-03 1.000000000000000000e+04 1.264269767233634203e-03 1.947258811385598571e-03 6.700339182843474337e-04 1.217272826977561229e-04 4.144371295949311924e-03 1.238280916076773402e-02
6.000000000000000000e+00 1.000000000000000000e+00 1.666666666669829600e-01 3.475092791279720678e-02 3.475092791279720678e-02 3.549999999999749800e+00 2.777777777780211788e-02 1.000000000000158817e-01 8.254251505035590242e-01 -1.502176794446044850e-01 4.665538060961965106e-01 3.002414843656866505e-01 2.731845260304198941e+00 9.178911684046952429e-03 1.000000000000000000e+04 1.280504114330074722e-03 1.976985217778650696e-03 6.783868613316737430e-04 1.232050802834879573e-04 4.196769603913850719e-03 1.259838658358036073e-02
6.000000000000000000e+00 1.000000000000000000e+00 1.666666666669829600e-01 3.475092791279720678e-02 3.475092791279720678e-02 3.599999999999324185e+00 2.777777777780211788e-02 1.000000000000158817e-01 8.241563419546599212e-01 -1.542994961075785376e-01 4.655569967870784032e-01 2.963818261670850829e-01 2.715035900005910996e+00 9.490533310385898189e-03 1.000000000000000000e+04 1.293525622050132337e-03 1.996562976399126818e-03 6.815428875261504878e-04 1.255283345959370522e-04 4.125914457955457033e-03 1.236906045030537749e-02
6.000000000000000000e+00 1.000000000000000000e+00 1.666666666669829600e-01 3.475092791279720678e-02 3.475092791279720678e-02 3.650000000000686917e+00 2.777777777780211788e-02 1.000000000000158817e-01 8.227914309839008400e-01 -1.586310516815843119e-01 4.644329732674903344e-01 2.912117650615231867e-01 2.702715166374532796e+00 9.521167217548042599e-03 1.000000000000000000e+04 1.311335276272299370e-03 2.028400730212306068e-03 6.911109752832198406e-04 1.266559716602234855e-04 4.203514593967509066e-03 1.255811880851925334e-02
6.000000000000000000e+00 1.000000000000000000e+00 1.666666666669829600e-01 3.475092791279720678e-02 3.475092791279720678e-02 3.700000000000122302e+00 2.777777777780211788e-02 1.000000000000158817e-01 8.214523085938341129e-01 -1.627611195566854574e-01 4.634302375631796922e-01 2.874603355197943300e-01 2.686095055167543766e+00 9.836302780795875764e-03 1.000000000000000000e+04 1.324720320299138492e-03 2.047176545929356353e-03 6.951980840742579253e-04 1.289910208469321844e-04 4.132050816412467104e-03 1.233151609589008303e-02
6.000000000000000000e+00 1.000000000000000000e+00 1.666666666669829600e-01 3.475092791279720678e-02 3.475092791279720678e-02 3.750000000000000000e+00 2.777777777780211788e-02 1.000000000000158817e-01 8.199828747228607995e-01 -1.670176644502432417e-01 4.624365215206961421e-01 2.829468906976677633e-01 2.666602187976147675e+00 9.883097865779304561e-03 1.000000000000000000e+04 1.343067553970590843e-03 2.076308508539014084e-03 7.054920687037588827e-04 1.305713293367372237e-04 4.188185606288848638e-03 1.253804339492631086e-02
6.000000000000000000e+00 1.000000000000000000e+00 1.666666666669829600e-01 3.475092791279720678e-02 3.475092791279720678e-02 3.799999999999957634e+00 2.777777777780211788e-02 1.000000000000158817e-01 8.185737081891745204e-01 -1.711848439072404526e-01 4.614399999615010350e-01 2.792897530415718310e-01 2.650192739049177959e+00 1.020304287642415965e-02 1.000000000000000000e+04 1.356778758234429344e-03 2.094082373183642123e-03 7.103737731859550769e-04 1.329044230291039747e-04 4.116004123375188901e-03 1.231323912998288223e-02
6.000000000000000000e+00 1.000000000000000000e+00 1.666666666669829600e-01 3.475092791279720678e-02 3.475092791279720678e-02 3.849999999999274003e+00 2.777777777780211788e-02 1.000000000000158817e-01 8.170279944024224639e-01 -1.755089821856989918e-01 4.604280244036368375e-01 2.755429999250533779e-01 2.629919232526546580e+00 1.028369011394276132e-02 1.000000000000000000e+04 1.375142669015506827e-03 2.120126788531244595e-03 7.244217553787956959e-04 1.340034710330574997e-04 4.154155105503329684e-03 1.252871272315079186e-02
6.000000000000000000e+00 1.000000000000000000e+00 1.666666666669829600e-01 3.475092791279720678e-02 3.475092791279720678e-02 3.900000000000735767e+00 2.777777777780211788e-02 1.000000000000158817e-01 8.155479498533565463e-01 -1.797038728876309555e-01 4.594444979762172809e-01 2.720593526724065514e-01 2.614303437454460699e+00 1.061000730542419751e-02 1.000000000000000000e+04 1.389140992059553293e-03 2.136754353455617463e-03 7.301717730830671257e-04 1.363274133189763457e-04 4.081366551123267149e-03 1.230399346856977244e-02
6.000000000000000000e+00 1.000000000000000000e+00 1.666666666669829600e-01 3.475092791279720678e-02 3.475092791279720678e-02 3.949999999999930012e+00 2.777777777780211788e-02 1.000000000000158817e-01 8.140617686172570977e-01 -1.838430302230061042e-01 4.583883927833154459e-01 2.685546972102462182e-01 2.598890231035233089e+00 1.068064686274360076e-02 1.000000000000000000e+04 1.406603292809767512e-03 2.160858887140773912e-03 7.451663124571741891e-04 1.384211810795848475e-04 4.133985823749156303e-03 1.250940474536231875e-02
6.000000000000000000e+00 1.000000000000000000e+00 1.666666666669829600e-01 3.475092791279720678e-02 3.475092791279720678e-02 4.000000000000000000e+00 2.777777777780211788e-02 1.000000000000158817e-01 8.125121769042896736e-01 -1.880608239865402820e-01 4.574165109863327361e-01 2.652005518593511524e-01 2.583641004538215213e+00 1.101257070299942013e-02 1.000000000000000000e+04 1.420860374746266055e-03 2.176458402900453056e-03 7.517479653739198931e-04 1.407254711919077219e-04 4.061190910722319719e-03 1.228546032907589826e-02
6.000000000000000000e+00 1.000000000000000000e+00 1.666666666669829600e-01 3.475092791279720678e-02 3.475092791279720678e-02 4.050000000000140155e+00 2.777777777780211788e-02 1.000000000000158817e-01 8.110697241170823357e-01 -1.919890550242535077e-01 4.565449970738435503e-01 2.637458973581771060e-01 2.570115522935831454e+00 1.102743017974457118e-02 1.000000000000000000e+04 1.435203963936419096e-03 2.199910223903108527e-03 7.636255027752306091e-04 1.398461766195288733e-04 4.105391595395326693e-03 1.248913238920031261e-02
6.000000000000000000e+00 1.000000000000000000e+00 1.666666666669829600e-01 3.475092791279720678e-02 3.475092791279720678e-02 4.099999999999229594e+00 2.777777777780211788e-02 1.000000000000158817e-01 8.094522272279970343e-01 -1.962118048597726871e-01 4.555960047075252040e-01 2.604993988587706588e-01 2.555152117223415953e+00 1.136427686780911925e-02 1.000000000000000000e+04 1.449743957025367239e-03 2.214492409655301631e-03 7.708439809273326393e-04 1.421921427613689665e-04 4.032532629196364411e-03 1.226684133321115887e-02
6.000000000000000000e+00 1.000000000000000000e+00 1.666666666669829600e-01 3.475092791279720678e-02 3.475092791279720678e-02 4.150000000000779288e+00 2.777777777780211788e-02 1.000000000000158817e-01 8.078154960412440300e-01 -2.007095145670816372e-01 4.545196838819812180e-01 2.564187579480476376e-01 2.542419169676867874e+00 1.144782428691092438e-02 1.000000000000000000e+04 1.466911747645639188e-03 2.235657972298775182e-03 7.857368797595039485e-04 1.437551468484577052e-04 4.094700818689131841e-03 1.244831511942243694e-02
6.000000000000000000e+00 1.000000000000000000e+00 1.666666666669829600e-01 3.475092791279720678e-02 3.475092791279720678e-02 4.199999999999760369e+00 2.777777777780211788e-02 1.000000000000158817e-01 8.061252053347760516e-01 -2.049616298883724097e-01 4.535807613338808664e-01 2.532399014221456413e-01 2.527563249871319417e+00 1.178957970519863181e-02 1.000000000000000000e+04 1.481721406565812129e-03 2.249270886783615551e-03 7.936575619839629676e-04 1.461230009931167590e-04 4.021590222633764956e-03 1.222596074727012178e-02
6.000000000000000000e+00 1.000000000000000000e+00 1.666666666669829600e-01 3.475092791279720678e-02 3.475092791279720678e-02 4.250000000000000000e+00 2.777777777780211788e-02 1.000000000000158817e-01 8.043864098416125819e-01 -2.091578773916772105e-01 4.525739237209112642e-01 2.506300892529845781e-01 2.518562766021136934e+00 1.187292017947334626e-02 1.000000000000000000e+04 1.501584892659065191e-03 2.271019350436155777e-03 8.081889539168328343e-04 1.486527000096284816e-04 4.090473564331367079e-03 1.244213959238978963e-02
6.000000000000000000e+00 1.000000000000000000e+00 1.666666666669829600e-01 3.475092791279720678e-02 3.475092791279720678e-02 4.300000000000300915e+00 2.777777777780211788e-02 1.000000000000158817e-01 8.026256686427158948e-01 -2.134211935727110820e-01 4.516421829838204727e-01 2.475063594153280866e-01 2.503651903945659729e+00 1.221937630324682923e-02 1.000000000000000000e+04 1.516628138334452734e-03 2.283872258298717643e-03 8.166924335844264393e-04 1.510490860960671483e-04 4.017212734652625232e-03 1.222253456269145784e-02
6.000000000000000000e+00 1.000000000000000000e+00 1.666666666669829600e-01 3.475092791279720678e-02 3.475092791279720678e-02 4.349999999999189626e+00 2.777777777780211788e-02 1.000000000000158817e-01 8.007544567938033042e-01 -2.178044472909377027e-01 4.506009483467517396e-01 2.442112898240572927e-01 2.491090011981559105e+00 1.223445537867600894e-02 1.000000000000000000e+04 1.538693531359807331e-03 2.306533198473967230e-03 8.351676863924455347e-04 1.516223979648426861e-04 4.080765574646464180e-03 1.241029791210953095e-02
6.000000000000000000e+00 1.000000000000000000e+00 1.666666666669829600e-01 3.475092791279720678e-02 3.475092791279720678e-02 4.400000000000817479e+00 2.777777777780211788e-02 1.000000000000158817e-01 7.989215980658804783e-01 -2.220827248955300204e-01 4.496749356816417409e-01 2.410918820201397028e-01 2.475953115384260439e+00 1.258407728914320324e-02 1.000000000000000000e+04 1.553982923468678022e-03 2.318555339184803863e-03 8.444363119728590626e-04 1.540012975095544456e-04 4.007029539680421505e-03 1.219031379061022782e-02
6.000000000000000000e+00 1.000000000000000000e+00 1.666666666669829600e-01 3.475092791279720678e-02 3.475092791279720678e-02 4.449999999999611155e+00 2.777777777780211788e-02 1.000000000000158817e-01 7.971370916693171216e-01 -2.264252359259384395e-01 4.485362367898876879e-01 2.380197682584335728e-01 2.466507832888939156e+00 1.260157478241721862e-02 1.000000000000000000e+04 1.572892381372138944e-03 2.339955350336187043e-03 8.620349168463225164e-04 1.543177009573186713e-04 4.072373723683218177e-03 1.237871471042716921e-02
6.000000000000000000e+00 1.000000000000000000e+00 1.666666666669829600e-01 3.475092791279720678e-02 3.475092791279720678e-02 4.500000000000000000e+00 2.777777777780211788e-02 1.000000000000158817e-01 7.952323404161473208e-01 -2.307159922379342920e-01 4.476124340482691699e-01 2.349349451618538698e-01 2.451368265784700462e+00 1.295440609910407034e-02 1.000000000000000000e+04 1.588398992740708629e-03 2.351274814991516967e-03 8.719930096048262094e-04 1.567063052803431599e-04 3.998183370674531639e-03 1.215922075092009530e-02
6.000000000000000000e+00 1.000000000000000000e+00 1.666666666669829600e-01 3.475092791279720678e-02 3.475092791279720678e-02 4.550000000000444800e+00 2.777777777780211788e-02 1.000000000000158817e-01 7.931829984409213274e-01 -2.352555453650445882e-01 4.468285253670260526e-01 2.306733743925704072e-01 2.434082639831074868e+00 1.304044591011180830e-02 1.000000000000000000e+04 1.605646661040542036e-03 2.367857097015394104e-03 8.910348438151833835e-04 1.589284100432909817e-04 4.048253116459279641e-03 1.229996185906327526e-02
6.000000000000000000e+00 1.000000000000000000e+00 1.666666666669829600e-01 3.475092791279720678e-02 3.475092791279720678e-02 4.599999999999154099e+00 2.777777777780211788e-02 1.000000000000158817e-01 7.912045869466522996e-01 -2.395639498955028923e-01 4.459139700375738258e-01 2.276475180993516867e-01 2.419311619335179131e+00 1.339833919696814014e-02 1.000000000000000000e+04 1.621339089870226131e-03 2.378265515510348017e-03 9.015926534189032913e-04 1.613631316416154753e-04 3.973606524669412270e-03 1.208306251660183281e-02
6.000000000000000000e+00 1.000000000000000000e+00 1.666666666669829600e-01 3.475092791279720678e-02 3.475092791279720678e-02 4.650000000000852118e+00 2.777777777780211788e-02 1.000000000000158817e-01 7.891799773031091814e-01 -2.438177187518934808e-01 4.450089648266951636e-01 2.254236035945277328e-01 2.405719140403323575e+00 1.347123047635571946e-02 1.000000000000000000e+04 1.639606174398377299e-03 2.396764610527088099e-03 9.194472163118485274e-04 1.635215851516786799e-04 4.018215029817312142e-03 1.223859308953364339e-02
6.000000000000000000e+00 1.000000000000000000e+00 1.666666666669829600e-01 3.475092791279720678e-02 3.475092791279720678e-02 4.699999999999477041e+00 2.777777777780211788e-02 1.000000000000158817e-01 7.871302078073340036e-01 -2.481275027136192468e-01 4.441066197832257978e-01 2.224642551988938177e-01 2.391666450633159080e+00 1.383224311335181332e-02 1.000000000000000000e+04 1.655515780343006990e-03 2.406377699758016631e-03 9.305449136764791475e-04 1.659604711757765535e-04 3.943601290369722762e-03 1.202628557772919896e-02
6.000000000000000000e+00 1.000000000000000000e+00 1.666666666669829600e-01 3.475092791279720678e-02 3.475092791279720678e-02 4.750000000000000000e+00 2.777777777780211788e-02 1.000000000000158817e-01 7.848484528189958453e-01 -2.524090114381053462e-01 4.432458406473342438e-01 2.195276367582156551e-01 2.378655230951007837e+00 1.391944645613250701e-02 1.000000000000000000e+04 1.679838826487324013e-03 2.423016808724753456e-03 9.527717538122330550e-04 1.677604722434928794e-04 3.999990637851310107e-03 1.219526411989235032e-02
6.000000000000000000e+00 1.000000000000000000e+00 1.666666666669829600e-01 3.475092791279720678e-02 3.475092791279720678e-02 4.800000000000573586e+00 2.777777777780211788e-02 1.000000000000158817e-01 7.827270690291391331e-01 -2.567235215169507145e-01 4.423541452199166168e-01 2.165913935018229375e-01 2.365127013924646526e+00 1.428327623958038778e-02 1.000000000000000000e+04 1.695901939588124194e-03 2.431785266180847439e-03 9.644022333077978317e-04 1.701742322527268576e-04 3.925697824064272243e-03 1.198772814324042604e-02
6.000000000000000000e+00 1.000000000000000000e+00 1.666666666669829600e-01 3.475092791279720678e-02 3.475092791279720678e-02 4.849999999999123013e+00 2.777777777780211788e-02 1.000000000000158817e-01 7.805049595918449601e-01 -2.613405598788275941e-01 4.412887181402768144e-01 2.131688508280259187e-01 2.355474289559158052e+00 1.432299557297909282e-02 1.000000000000000000e+04 1.716703350534118421e-03 2.449280229507383010e-03 9.839141059057644224e-04 1.694081275447695744e-04 3.988156702791387231e-03 1.214612059703837517e-02
6.000000000000000000e+00 1.000000000000000000e+00 1.666666666669829600e-01 3.475092791279720678e-02 3.475092791279720678e-02 4.900000000000882316e+00 2.777777777780211788e-02 1.000000000000158817e-01 7.783091087921520934e-01 -2.656639028018848991e-01 4.403993954325473026e-01 2.102495885845726553e-01 2.342334076342925453e+00 1.469021601848964111e-02 1.000000000000000000e+04 1.732949210804928539e-03 2.457391874787004295e-03 9.958271943219974224e-04 1.718672503085395473e-04 3.914322252145794288e-03 1.194101710089143578e-02
6.000000000000000000e+00 1.000000000000000000e+00 1.666666666669829600e-01 3.475092791279720678e-02 3.475092791279720678e-02 4.949999999999356248e+00 2.777777777780211788e-02 1.000000000000158817e-01 7.762085079169788182e-01 -2.699225990839606015e-01 4.395226763892634003e-01 2.075141897125080126e-01 2.327736142715839840e+00 1.471604309285289361e-02 1.000000000000000000e+04 1.749399670320830533e-03 2.472317548185583649e-03 1.015507008684456494e-03 1.734500929890405005e-04 3.961092196635739200e-03 1.210136666207333248e-02
6.000000000000000000e+00 1.000000000000000000e+00 1.666666666669829600e-01 3.475092791279720678e-02 3.475092791279720678e-02 5.000000000000000000e+00 2.777777777780211788e-02 1.000000000000158817e-01 7.739411167548458925e-01 -2.742514450527780978e-01 4.386449129689780624e-01 2.045998586629383109e-01 2.314994142996060766e+00 1.508690241874695304e-02 1.000000000000000000e+04 1.765799025483249596e-03 2.479723950914471814e-03 1.027505732606922347e-03 1.759255444169452074e-04 3.887289661919295786e-03 1.189959325484075958e-02
6.000000000000000000e+00 1.000000000000000000e+00 1.666666666669829600e-01 3.475092791279720678e-02 3.475092791279720678e-02 5.050000000000689049e+00 2.777777777780211788e-02 1.000000000000158817e-01 7.717310228105901393e-01 -2.783765686885383284e-01 4.378652580684567752e-01 2.024026837933971257e-01 2.299582638887184505e+00 1.516144985863253879e-02 1.000000000000000000e+04 1.782996254580950738e-03 2.492634325316665182e-03 1.047678633569064204e-03 1.789369388051356366e-04 3.931810245219007419e-03 1.210658041110821911e-02
6.000000000000000000e+00 1.000000000000000000e+00 1.666666666669829600e-01 3.475092791279720678e-02 3.475092791279720678e-02 5.099999999999094591e+00 2.777777777780211788e-02 1.000000000000158817e-01 7.693931937727287451e-01 -2.827024111577581822e-01 4.369984260142682486e-01 1.995366938663072354e-01 2.287357577025249444e+00 1.553492049729204329e-02 1.000000000000000000e+04 1.799497208708786310e-03 2.499459973801576584e-03 1.059797140057109699e-03 1.814006000496545140e-04 3.858613688911815935e-03 1.190423818709141109e-02
6.000000000000000000e+00 1.000000000000000000e+00 1.666666666669829600e-01 3.475092791279720678e-02 3.475092791279720678e-02 5.150000000000909850e+00 2.777777777780211788e-02 1.000000000000158817e-01 7.670160103569548804e-01 -2.868720051409445193e-01 4.361188833765218820e-01 1.972738719978426036e-01 2.275836718258698710e+00 1.557304431697337406e-02 1.000000000000000000e+04 1.822200458738762420e-03 2.512805221749012715e-03 1.082122132714924802e-03 1.833370185330191642e-04 3.912054326655797776e-03 1.208452209646448082e-02
6.000000000000000000e+00 1.000000000000000000e+00 1.666666666669829600e-01 3.475092791279720678e-02 3.475092791279720678e-02 5.199999999999247002e+00 2.777777777780211788e-02 1.000000000000158817e-01 7.646074179373592017e-01 -2.911899483638619168e-01 4.352604589825980752e-01 1.944703189131016530e-01 2.263992372950681453e+00 1.594885697006037314e-02 1.000000000000000000e+04 1.838797630069696808e-03 2.519028753020575127e-03 1.094469187761576510e-03 1.858028911282580116e-04 3.838992592169584474e-03 1.188278301876858137e-02
6.000000000000000000e+00 1.000000000000000000e+00 1.666666666669829600e-01 3.475092791279720678e-02 3.475092791279720678e-02 5.250000000000000000e+00 2.777777777780211788e-02 1.000000000000158817e-01 7.621828980782411334e-01 -2.951998824599629812e-01 4.346411734577594888e-01 1.918453865723761531e-01 2.255858862490271566e+00 1.603607381161218856e-02 1.000000000000000000e+04 1.857430624480642303e-03 2.531193638933548155e-03 1.113119956929857273e-03 1.879623413643473936e-04 3.896830966750977447e-03 1.203761703803177957e-02
6.000000000000000000e+00 1.000000000000000000e+00 1.666666666669829600e-01 3.475092791279720678e-02 3.475092791279720678e-02 5.300000000000793854e+00 2.777777777780211788e-02 1.000000000000158817e-01 7.597049146763912297e-01 -2.995156934488092948e-01 4.337894769391384964e-01 1.890885513520599859e-01 2.244601931989097299e+00 1.641623571001733090e-02 1.000000000000000000e+04 1.874094999714192482e-03 2.536860731083224064e-03 1.125401276214853773e-03 1.904201666322862668e-04 3.824270859025378014e-03 1.183691222494508144e-02
6.000000000000000000e+00 1.000000000000000000e+00 1.666666666669829600e-01 3.475092791279720678e-02 3.475092791279720678e-02 5.349999999999069722e+00 2.777777777780211788e-02 1.000000000000158817e-01 7.573555134114161591e-01 -3.035312640565878128e-01 4.329566231236753326e-01 1.875697823310172874e-01 2.229455353446211152e+00 1.645338519972986899e-02 1.000000000000000000e+04 1.892227321645573255e-03 2.548685438161177232e-03 1.147665744152708825e-03 1.920688403257930180e-04 3.868842196081228018e-03 1.196612113435680490e-02
6.000000000000000000e+00 1.000000000000000000e+00 1.666666666669829600e-01 3.475092791279720678e-02 3.475092791279720678e-02 5.400000000000935607e+00 2.777777777780211788e-02 1.000000000000158817e-01 7.548081567478609477e-01 -3.078336966069156189e-01 4.321225256106372425e-01 1.848668362013396183e-01 2.218748789250154729e+00 1.683696459041331139e-02 1.000000000000000000e+04 1.908970748109973343e-03 2.553712266205442321e-03 1.159940082023543702e-03 1.945529523513841585e-04 3.796786215458293912e-03 1.176716267064856561e-02
6.000000000000000000e+00 1.000000000000000000e+00 1.666666666669829600e-01 3.475092791279720678e-02 3.475092791279720678e-02 5.449999999999148415e+00 2.777777777780211788e-02 1.000000000000158817e-01 7.523735209334239116e-01 -3.120534770458485707e-01 4.314457175449019632e-01 1.833060957246630818e-01 2.210123669558779369e+00 1.682566112824126353e-02 1.000000000000000000e+04 1.926782051794830291e-03 2.565123620578933610e-03 1.176782798303585478e-03 1.969758744337929293e-04 3.847641958129780111e-03 1.193027281952556765e-02
6.000000000000000000e+00 1.000000000000000000e+00 1.666666666669829600e-01 3.475092791279720678e-02 3.475092791279720678e-02 5.500000000000000000e+00 2.777777777780211788e-02 1.000000000000158817e-01 7.497552033767267421e-01 -3.163418323181770853e-01 4.306274956352613148e-01 1.806570824777151418e-01 2.199828695154338654e+00 1.721301721268482521e-02 1.000000000000000000e+04 1.943612623212300286e-03 2.569526746522372493e-03 1.189105650502861409e-03 1.994635455305343585e-04 3.775739240614687641e-03 1.173486773666933963e-02
6.000000000000000000e+00 1.000000000000000000e+00 1.666666666669829600e-01 3.475092791279720678e-02 3.475092791279720678e-02 5.550000000000888889e+00 2.777777777780211788e-02 1.000000000000158817e-01 7.469052176498641726e-01 -3.209559958795095702e-01 4.296939008171701269e-01 1.770597012179704055e-01 2.183571532825745010e+00 1.725154998511280527e-02 1.000000000000000000e+04 1.966304932639292933e-03 2.580302111290909677e-03 1.214444508394502131e-03 2.009488170986360950e-04 3.823801446015511786e-03 1.189836290250912559e-02
6.000000000000000000e+00 1.000000000000000000e+00 1.666666666669829600e-01 3.475092791279720678e-02 3.475092791279720678e-02 5.599999999999045741e+00 2.777777777780211788e-02 1.000000000000158817e-01 7.442127392192399160e-01 -3.252377152711405928e-01 4.288759128490820527e-01 1.744539508835841746e-01 2.173489632409009609e+00 1.764323072085819538e-02 1.000000000000000000e+04 1.983203895139041238e-03 2.584033688649210042e-03 1.227014883397555206e-03 2.034509885273733326e-04 3.751956617479092898e-03 1.170129136173670044e-02
6.000000000000000000e+00 1.000000000000000000e+00 1.666666666669829600e-01 3.475092791279720678e-02 3.475092791279720678e-02 5.650000000000958700e+00 2.777777777780211788e-02 1.000000000000158817e-01 7.414069770381418456e-01 -3.296442575779972572e-01 4.279165428251061609e-01 1.715068885866574133e-01 2.160709797270542243e+00 1.769941620318770184e-02 1.000000000000000000e+04 2.004601609080616624e-03 2.594463673654783410e-03 1.251182612255794880e-03 2.055003218694599664e-04 3.801973593464422728e-03 1.183628218226992837e-02
6.000000000000000000e+00 1.000000000000000000e+00 1.666666666669829600e-01 3.475092791279720678e-02 3.475092791279720678e-02 5.699999999999057820e+00 2.777777777780211788e-02 1.000000000000158817e-01 7.386421618680810708e-01 -3.339100685476526498e-01 4.271031615589725439e-01 1.689580673918180120e-01 2.150444652088494113e+00 1.809722657262343576e-02 1.000000000000000000e+04 2.021563302073239345e-03 2.597564994846620571e-03 1.263806530923512750e-03 2.080340387526189870e-04 3.729493851136276867e-03 1.163512215419820750e-02
6.000000000000000000e+00 1.000000000000000000e+00 1.666666666669829600e-01 3.475092791279720678e-02 3.475092791279720678e-02 5.750000000000000000e+00 2.777777777780211788e-02 1.000000000000158817e-01 7.358889357097968542e-01 -3.379027155803360771e-01 4.264501277802884016e-01 1.671957893656384753e-01 2.144613041158872857e+00 1.813502548416897134e-02 1.000000000000000000e+04 2.040966589148606597e-03 2.606936540241823735e-03 1.286680085758426517e-03 2.101840267530701424e-04 3.786272306926560804e-03 1.179351711916147398e-02
6.000000000000000000e+00 1.000000000000000000e+00 1.666666666669829600e-01 3.475092791279720678e-02 3.475092791279720678e-02 5.800000000000976819e+00 2.777777777780211788e-02 1.000000000000158817e-01 7.330553816638469833e-01 -3.421487582487169887e-01 4.256472155729471574e-01 1.647156437336170787e-01 2.134576967106328826e+00 1.853830404156895512e-02 1.000000000000000000e+04 2.057960295975532015e-03 2.609467522252917858e-03 1.299207204414979007e-03 2.127061408200549503e-04 3.714425094050641772e-03 1.159121251714853758e-02
6.000000000000000000e+00 1.000000000000000000e+00 1.666666666669829600e-01 3.475092791279720678e-02 3.475092791279720678e-02 5.849999999999024425e+00 2.777777777780211788e-02 1.000000000000158817e-01 7.301389456378719611e-01 -3.465051332828749109e-01 4.246494329539025614e-01 1.612795840411279102e-01 2.120179372447725807e+00 1.862270303816278977e-02 1.000000000000000000e+04 2.078278442895137475e-03 2.618415242064756066e-03 1.323567006068228054e-03 2.145117237787879272e-04 3.763712416661971639e-03 1.171522128010452600e-02
6.000000000000000000e+00 1.000000000000000000e+00 1.666666666669829600e-01 3.475092791279720678e-02 3.475092791279720678e-02 5.900000000000980016e+00 2.777777777780211788e-02 1.000000000000158817e-01 7.272337618848147001e-01 -3.507372972058581118e-01 4.238464812356456668e-01 1.588525226272134716e-01 2.110599605775078658e+00 1.903181198814122427e-02 1.000000000000000000e+04 2.095298047988384746e-03 2.620354681080524096e-03 1.336138332809478713e-03 2.170661724631386307e-04 3.692163614246929404e-03 1.151164002243999264e-02
6.000000000000000000e+00 1.000000000000000000e+00 1.666666666669829600e-01 3.475092791279720678e-02 3.475092791279720678e-02 5.949999999998975220e+00 2.777777777780211788e-02 1.000000000000158817e-01 7.242310024969540461e-01 -3.553309639516476492e-01 4.229314583911535919e-01 1.543126384098559289e-01 2.096902847754011923e+00 1.903503563559328857e-02 1.000000000000000000e+04 2.115438443274581404e-03 2.626445575530431727e-03 1.362664293818122803e-03 2.180038081859844235e-04 3.746726517041489186e-03 1.162976420664335424e-02
6.000000000000000000e+00 1.000000000000000000e+00 1.666666666669829600e-01 3.475092791279720678e-02 3.475092791279720678e-02 6.000000000000000000e+00 2.777777777780211788e-02 1.000000000000158817e-01 7.212522924127094948e-01 -3.595575717426140461e-01 4.221309505220688929e-01 1.519256135914882622e-01 2.087663205005847900e+00 1.944720929814108129e-02 1.000000000000000000e+04 2.132470000364393003e-03 2.627696672657020473e-03 1.375343158432230451e-03 2.205384879784080018e-04 3.675362427893643855e-03 1.142612527863261229e-02
