#	L	g	lambda	kappa	h	time	p	tm	magx	magy	magz	magChain	suscChain	deco	measure	err_magx	err_magy	err_magz	err_deco	err_magChain	err_suscChain	
8.000000000000000000e+00 1.000000000000000000e+00 1.250000000000000000e-01 2.026311804140414410e-02 2.026311804140414410e-02 0.000000000000000000e+00 1.562500000000000000e-02 1.000000000000158817e-01 8.520521771553681845e-01 7.477327999063453215e-15 5.035733517130714931e-01 7.228543436361922758e-01 5.487940611668088664e+00 9.852189094058137059e-03 1.000000000000000000e+04 1.924945339566647758e-04 9.407788389740646613e-18 1.860427023603678420e-04 4.928628976013448124e-05 8.457477071539435754e-04 3.924683338565254816e-03
8.000000000000000000e+00 1.000000000000000000e+00 1.250000000000000000e-01 2.026311804140414410e-02 2.026311804140414410e-02 5.000000000000794087e-02 1.562500000000000000e-02 1.000000000000158817e-01 8.520521488802381693e-01 -9.116925149012396722e-06 5.035732041046045993e-01 7.227990060249558368e-01 5.487318569857198902e+00 9.852000343277043590e-03 1.000000000000000000e+04 1.925157965454810051e-04 6.816728620331702706e-06 1.860501687745425416e-04 4.928467430016630609e-05 8.454981316450733975e-04 3.919099043005479059e-03
8.000000000000000000e+00 1.000000000000000000e+00 1.250000000000000000e-01 2.026311804140414410e-02 2.026311804140414410e-02 1.000000000000158817e-01 1.562500000000000000e-02 1.000000000000158817e-01 8.520520615013529309e-01 -1.904746100498867184e-05 5.035727625558139575e-01 7.226347530580670142e-01 5.485480355032039235e+00 9.851436327522106531e-03 1.000000000000000000e+04 1.925795731810566141e-04 1.362989997311650213e-05 1.860724372543196014e-04 4.927982705233671830e-05 8.447971088102279678e-04 3.903161434995984155e-03
8.000000000000000000e+00 1.000000000000000000e+00 1.250000000000000000e-01 2.026311804140414410e-02 2.026311804140414410e-02 1.500000000000179246e-01 1.562500000000000000e-02 1.000000000000158817e-01 8.520958012987132069e-01 -2.982436219679423562e-05 5.035390260716067212e-01 7.224046797362880801e-01 5.481443179550618439e+00 9.492102986675901230e-03 1.000000000000000000e+04 2.697121163209695890e-04 2.140140079008770972e-05 2.578955263902630397e-04 6.538889410665510589e-05 1.158998289389694993e-03 5.387362359402098066e-03
8.000000000000000000e+00 1.000000000000000000e+00 1.250000000000000000e-01 2.026311804140414410e-02 2.026311804140414410e-02 2.000000000000317635e-01 1.562500000000000000e-02 1.000000000000158817e-01 8.520955737388632434e-01 -4.364249328724912854e-05 5.035375555120747970e-01 7.218810071707849607e-01 5.475671591505367530e+00 9.490304573849129427e-03 1.000000000000000000e+04 2.698594484755916846e-04 3.007388921856922205e-05 2.579354576053117598e-04 6.537623637193343881e-05 1.157490745463246639e-03 5.353072179708599082e-03
8.000000000000000000e+00 1.000000000000000000e+00 1.250000000000000000e-01 2.026311804140414410e-02 2.026311804140414410e-02 2.500000000000000000e-01 1.562500000000000000e-02 1.000000000000158817e-01 8.523847464111000694e-01 -5.261913095020268624e-05 5.032714863014363660e-01 7.222777168374802104e-01 5.471361112443037911e+00 9.070976853378476951e-03 1.000000000000000000e+04 3.241441234909842625e-04 3.943136955434946571e-05 3.082300859908310414e-04 7.579708312210990944e-05 1.375830226592362256e-03 6.446526134457597132e-03
8.000000000000000000e+00 1.000000000000000000e+00 1.250000000000000000e-01 2.026311804140414410e-02 2.026311804140414410e-02 3.000000000000358491e-01 1.562500000000000000e-02 1.000000000000158817e-01 8.523843734111904435e-01 -6.801946751035375396e-05 5.032684033705132620e-01 7.212444788228271619e-01 5.460211029892050760e+00 9.067410605745597485e-03 1.000000000000000000e+04 3.243920402101419182e-04 4.948627477816316798e-05 3.082823609511026121e-04 7.577341478882060821e-05 1.373592212620344593e-03 6.397182177854878783e-03
8.000000000000000000e+00 1.000000000000000000e+00 1.250000000000000000e-01 2.026311804140414410e-02 2.026311804140414410e-02 3.499999999999403588e-01 1.562500000000000000e-02 1.000000000000158817e-01 8.524428968012432994e-01 -8.442756165339724921e-05 5.032095283176449829e-01 7.202077573982361702e-01 5.447522617383634191e+00 8.719695932521533480e-03 1.000000000000000000e+04 3.736662348503276988e-04 6.025761803242791754e-05 3.534930224342178119e-04 8.410824566532835956e-05 1.567828646174871483e-03 7.370567028146344374e-03
8.000000000000000000e+00 1.000000000000000000e+00 1.250000000000000000e-01 2.026311804140414410e-02 2.026311804140414410e-02 4.000000000000635270e-01 1.562500000000000000e-02 1.000000000000158817e-01 8.524422731616334570e-01 -1.171775866543219702e-04 5.032041727510050411e-01 7.185616597082354895e-01 5.430308934186135694e+00 8.713928362257195720e-03 1.000000000000000000e+04 3.740291459984139942e-04 7.155913640164362566e-05 3.535457382454228322e-04 8.406993433421184442e-05 1.565356713245554150e-03 7.312727135702139399e-03
8.000000000000000000e+00 1.000000000000000000e+00 1.250000000000000000e-01 2.026311804140414410e-02 2.026311804140414410e-02 4.499999999999155231e-01 1.562500000000000000e-02 1.000000000000158817e-01 8.524517955796040436e-01 -1.588196250971256307e-04 5.031957517305490901e-01 7.165274090867230772e-01 5.409647866742636424e+00 8.389992589880932924e-03 1.000000000000000000e+04 4.165897924152444027e-04 8.370194080693442288e-05 3.917607151156171706e-04 8.988818400010863770e-05 1.730598190809168021e-03 8.189558888501098644e-03
8.000000000000000000e+00 1.000000000000000000e+00 1.250000000000000000e-01 2.026311804140414410e-02 2.026311804140414410e-02 5.000000000000000000e-01 1.562500000000000000e-02 1.000000000000158817e-01 8.524506165650147516e-01 -2.213106343035961998e-04 5.031874983974535809e-01 7.142370583263702999e-01 5.386666760074541926e+00 8.381839735208059666e-03 1.000000000000000000e+04 4.170795057499954270e-04 9.606438805138218595e-05 3.917983164134762088e-04 8.983178700999650717e-05 1.728417847467906068e-03 8.127017374118226251e-03
8.000000000000000000e+00 1.000000000000000000e+00 1.250000000000000000e-01 2.026311804140414410e-02 2.026311804140414410e-02 5.500000000001021849e-01 1.562500000000000000e-02 1.000000000000158817e-01 8.524548224180753531e-01 -2.974080263199563963e-04 5.031715342111698908e-01 7.117118268894534472e-01 5.361724691915684460e+00 8.079707740256071927e-03 1.000000000000000000e+04 4.536629276905203983e-04 1.092137445550651030e-04 4.245821512640683909e-04 9.437909249035926940e-05 1.866598457345801550e-03 8.840661228891018644e-03
8.000000000000000000e+00 1.000000000000000000e+00 1.250000000000000000e-01 2.026311804140414410e-02 2.026311804140414410e-02 6.000000000000716982e-01 1.562500000000000000e-02 1.000000000000158817e-01 8.524526600985835589e-01 -3.981956597409092610e-04 5.031598453839949414e-01 7.087714206424476915e-01 5.333564187966064019e+00 8.069225166822827436e-03 1.000000000000000000e+04 4.542882003933403339e-04 1.224321069859795198e-04 4.245881692435649036e-04 9.430168532302564118e-05 1.864713612966715194e-03 8.775459395266303406e-03
8.000000000000000000e+00 1.000000000000000000e+00 1.250000000000000000e-01 2.026311804140414410e-02 2.026311804140414410e-02 6.499999999999058753e-01 1.562500000000000000e-02 1.000000000000158817e-01 8.523986216690485618e-01 -5.223430544075436657e-04 5.031681423944970311e-01 7.056706766220524063e-01 5.307017724630064492e+00 7.736541481169774588e-03 1.000000000000000000e+04 4.960647765781993693e-04 1.365692550956184702e-04 4.602408895799587935e-04 9.803069110557857603e-05 2.008646890128341477e-03 9.442665664301743214e-03
8.000000000000000000e+00 1.000000000000000000e+00 1.250000000000000000e-01 2.026311804140414410e-02 2.026311804140414410e-02 6.999999999998807176e-01 1.562500000000000000e-02 1.000000000000158817e-01 8.523949055958708332e-01 -6.712402160515151426e-04 5.031521889028737204e-01 7.021134581034718103e-01 5.274722031657661070e+00 7.723959063689779005e-03 1.000000000000000000e+04 4.968227054032625569e-04 1.506023089189862632e-04 4.601927592043501586e-04 9.792988423227704268e-05 2.007325486514592409e-03 9.375647834587230028e-03
8.000000000000000000e+00 1.000000000000000000e+00 1.250000000000000000e-01 2.026311804140414410e-02 2.026311804140414410e-02 7.500000000000000000e-01 1.562500000000000000e-02 1.000000000000158817e-01 8.524738779781860787e-01 -8.738838943220076120e-04 5.030721116416759786e-01 6.984359422966013309e-01 5.240176230275162439e+00 7.447823593986368021e-03 1.000000000000000000e+04 5.206359021578177209e-04 1.664654034326683209e-04 4.819889362197768683e-04 1.010356735137534466e-04 2.112560558511285269e-03 1.001025709379820341e-02
8.000000000000000000e+00 1.000000000000000000e+00 1.250000000000000000e-01 2.026311804140414410e-02 2.026311804140414410e-02 8.000000000001270539e-01 1.562500000000000000e-02 1.000000000000158817e-01 8.524677919943105531e-01 -1.078824470436944537e-03 5.030510667632335231e-01 6.942917256461167419e-01 5.204827720320325923e+00 7.433569003405156479e-03 1.000000000000000000e+04 5.215483722284279186e-04 1.811759317070025372e-04 4.818867912542931526e-04 1.009119235079263644e-04 2.112638356009834042e-03 9.941853004261111057e-03
8.000000000000000000e+00 1.000000000000000000e+00 1.250000000000000000e-01 2.026311804140414410e-02 2.026311804140414410e-02 8.500000000001575184e-01 1.562500000000000000e-02 1.000000000000158817e-01 8.524335137607292889e-01 -1.291255601919409548e-03 5.031204335474087630e-01 6.888995162886658585e-01 5.157258896055588515e+00 7.151813862698987688e-03 1.000000000000000000e+04 5.463886577178851201e-04 1.977585119438420003e-04 5.045533844836550159e-04 1.022810389161248041e-04 2.218144074721588744e-03 1.066574902419180002e-02
8.000000000000000000e+00 1.000000000000000000e+00 1.250000000000000000e-01 2.026311804140414410e-02 2.026311804140414410e-02 8.999999999998310463e-01 1.562500000000000000e-02 1.000000000000158817e-01 8.524245945336882402e-01 -1.568812857904854302e-03 5.030936609633337442e-01 6.841939796413010200e-01 5.119735489782226701e+00 7.136310715922206810e-03 1.000000000000000000e+04 5.474550488852342623e-04 2.129478232122998472e-04 5.043865310321570547e-04 1.021287800976009594e-04 2.219468810185682046e-03 1.059433489968782983e-02
8.000000000000000000e+00 1.000000000000000000e+00 1.250000000000000000e-01 2.026311804140414410e-02 2.026311804140414410e-02 9.499999999999894085e-01 1.562500000000000000e-02 1.000000000000158817e-01 8.523233523452264926e-01 -1.879224898934095432e-03 5.031100564620626381e-01 6.789880430855050886e-01 5.082736299211315867e+00 6.853222773290531394e-03 1.000000000000000000e+04 5.807389224749186316e-04 2.287312254380990722e-04 5.310472664535091994e-04 1.033364374143010838e-04 2.332668046023842270e-03 1.115503648025227383e-02
8.000000000000000000e+00 1.000000000000000000e+00 1.250000000000000000e-01 2.026311804140414410e-02 2.026311804140414410e-02 1.000000000000000000e+00 1.562500000000000000e-02 1.000000000000158817e-01 8.523105167854487796e-01 -2.234768829947623905e-03 5.030757967984934576e-01 6.737415354700597714e-01 5.043566754668319163e+00 6.837301842321478682e-03 1.000000000000000000e+04 5.819600951018317559e-04 2.447129123777733325e-04 5.307530894019173119e-04 1.031580399351972023e-04 2.335026025223124399e-03 1.107598941631598825e-02
8.000000000000000000e+00 1.000000000000000000e+00 1.250000000000000000e-01 2.026311804140414410e-02 2.026311804140414410e-02 1.049999999999940092e+00 1.562500000000000000e-02 1.000000000000158817e-01 8.523011694797590909e-01 -2.640351747211964160e-03 5.030307056314975434e-01 6.681312020264050799e-01 5.003696448289648657e+00 6.580261633996551014e-03 1.000000000000000000e+04 6.054911626404501463e-04 2.620520905864036441e-04 5.498327122506582905e-04 1.035817435065162248e-04 2.430458644319480072e-03 1.162457951196974731e-02
8.000000000000000000e+00 1.000000000000000000e+00 1.250000000000000000e-01 2.026311804140414410e-02 2.026311804140414410e-02 1.100000000000204370e+00 1.562500000000000000e-02 1.000000000000158817e-01 8.522833148137005654e-01 -3.080411821914157740e-03 5.029871030054028358e-01 6.623855065550741106e-01 4.963688788905945337e+00 6.564845872200433113e-03 1.000000000000000000e+04 6.068905123535629081e-04 2.787861965332084327e-04 5.493918742206087584e-04 1.033769878261637165e-04 2.434163165846826762e-03 1.153506138905283605e-02
8.000000000000000000e+00 1.000000000000000000e+00 1.250000000000000000e-01 2.026311804140414410e-02 2.026311804140414410e-02 1.149999999999788525e+00 1.562500000000000000e-02 1.000000000000158817e-01 8.518412576143695736e-01 -3.613643512725685843e-03 5.033289388037558432e-01 6.549351774041789476e-01 4.920809774666102143e+00 6.416976349858609548e-03 1.000000000000000000e+04 6.336332425627996898e-04 2.978228406034159176e-04 5.725698901094361222e-04 1.053159233614040240e-04 2.548426076254427155e-03 1.206039973293250925e-02
8.000000000000000000e+00 1.000000000000000000e+00 1.250000000000000000e-01 2.026311804140414410e-02 2.026311804140414410e-02 1.200000000000143396e+00 1.562500000000000000e-02 1.000000000000158817e-01 8.518169990608570608e-01 -4.156934403035732542e-03 5.032740507859614354e-01 6.487556858295076001e-01 4.880769881714043912e+00 6.402864158747008892e-03 1.000000000000000000e+04 6.352173647055013540e-04 3.152972308624907185e-04 5.719892602406670846e-04 1.050830330154347295e-04 2.553049361373833145e-03 1.195507505732925670e-02
8.000000000000000000e+00 1.000000000000000000e+00 1.250000000000000000e-01 2.026311804140414410e-02 2.026311804140414410e-02 1.250000000000000000e+00 1.562500000000000000e-02 1.000000000000158817e-01 8.518740778874491770e-01 -4.744458732022488641e-03 5.031588718858511777e-01 6.430097027776766616e-01 4.841558238236610912e+00 6.182040507932953267e-03 1.000000000000000000e+04 6.498420481842715445e-04 3.343818199199789939e-04 5.843740984647624115e-04 1.051709085876435692e-04 2.628193847684599620e-03 1.245971438651683784e-02
8.000000000000000000e+00 1.000000000000000000e+00 1.250000000000000000e-01 2.026311804140414410e-02 2.026311804140414410e-02 1.299999999999811751e+00 1.562500000000000000e-02 1.000000000000158817e-01 8.518424684439475092e-01 -5.378917568538288049e-03 5.030916084506280583e-01 6.364444291620618976e-01 4.801831972248193914e+00 6.170741204123306352e-03 1.000000000000000000e+04 6.516153757266569552e-04 3.523182474071657826e-04 5.836445166078614404e-04 1.049180155213763399e-04 2.633480044994484376e-03 1.233499885745171359e-02
8.000000000000000000e+00 1.000000000000000000e+00 1.250000000000000000e-01 2.026311804140414410e-02 2.026311804140414410e-02 1.350000000000233902e+00 1.562500000000000000e-02 1.000000000000158817e-01 8.518437045895816961e-01 -6.094131380014001197e-03 5.029885380478914536e-01 6.296749226168723013e-01 4.764047192003171283e+00 5.994666344296041387e-03 1.000000000000000000e+04 6.652896878763406383e-04 3.725306939009583257e-04 5.937509141327092926e-04 1.046488582179408373e-04 2.717424059667915108e-03 1.275045754057389791e-02
8.000000000000000000e+00 1.000000000000000000e+00 1.250000000000000000e-01 2.026311804140414410e-02 2.026311804140414410e-02 1.399999999999761435e+00 1.562500000000000000e-02 1.000000000000158817e-01 8.518033378089161500e-01 -6.832060111399594453e-03 5.029060188158001043e-01 6.227655754738242733e-01 4.725363407447882302e+00 5.987255254151352228e-03 1.000000000000000000e+04 6.672724144715252471e-04 3.910798931614462926e-04 5.928248004624444168e-04 1.043756350943752587e-04 2.723602901383615632e-03 1.260509229769215742e-02
8.000000000000000000e+00 1.000000000000000000e+00 1.250000000000000000e-01 2.026311804140414410e-02 2.026311804140414410e-02 1.450000000000244205e+00 1.562500000000000000e-02 1.000000000000158817e-01 8.517548787085538198e-01 -7.626759784520404685e-03 5.028204037743841948e-01 6.151029259445122133e-01 4.682444512620303811e+00 5.784456313580026848e-03 1.000000000000000000e+04 6.850696542937927125e-04 4.113392598931523412e-04 6.061344563789139699e-04 1.039312186432078732e-04 2.811796935559543551e-03 1.304729196650612766e-02
8.000000000000000000e+00 1.000000000000000000e+00 1.250000000000000000e-01 2.026311804140414410e-02 2.026311804140414410e-02 1.500000000000000000e+00 1.562500000000000000e-02 1.000000000000158817e-01 8.517045816294454008e-01 -8.477542370670458974e-03 5.027203122411388891e-01 6.078846858758504279e-01 4.645251174664026372e+00 5.782137054718534952e-03 1.000000000000000000e+04 6.872559750995384459e-04 4.304981514992408027e-04 6.049776663096034443e-04 1.036441810964793914e-04 2.818634823534092032e-03 1.288462994760372453e-02
8.000000000000000000e+00 1.000000000000000000e+00 1.250000000000000000e-01 2.026311804140414410e-02 2.026311804140414410e-02 1.549999999999724709e+00 1.562500000000000000e-02 1.000000000000158817e-01 8.517400467544065101e-01 -9.455477639073365734e-03 5.025449701460864560e-01 6.004325452731582580e-01 4.609279611895066076e+00 5.580546819821978997e-03 1.000000000000000000e+04 7.008088740056204026e-04 4.517927168649446437e-04 6.152659970805509759e-04 1.028170439104034861e-04 2.909934586662413399e-03 1.329651909870415219e-02
8.000000000000000000e+00 1.000000000000000000e+00 1.250000000000000000e-01 2.026311804140414410e-02 2.026311804140414410e-02 1.600000000000254108e+00 1.562500000000000000e-02 1.000000000000158817e-01 8.516779645718041136e-01 -1.042041259424211774e-02 5.024247376064692183e-01 5.929523600456717558e-01 4.573690467392981240e+00 5.585011778597559658e-03 1.000000000000000000e+04 7.031928080803190751e-04 4.715110674515592907e-04 6.138798480705465231e-04 1.025277914805452231e-04 2.916741314141445534e-03 1.311497603502560783e-02
8.000000000000000000e+00 1.000000000000000000e+00 1.250000000000000000e-01 2.026311804140414410e-02 2.026311804140414410e-02 1.649999999999755218e+00 1.562500000000000000e-02 1.000000000000158817e-01 8.516509707121585615e-01 -1.153017977953295706e-02 5.022394361345478009e-01 5.851571950157501423e-01 4.540328493787649577e+00 5.411650474111967188e-03 1.000000000000000000e+04 7.183802083167814849e-04 4.933011117373673230e-04 6.242527440444955566e-04 1.015161826496469076e-04 3.013028051662413991e-03 1.357166069405098263e-02
8.000000000000000000e+00 1.000000000000000000e+00 1.250000000000000000e-01 2.026311804140414410e-02 2.026311804140414410e-02 1.700000000000315037e+00 1.562500000000000000e-02 1.000000000000158817e-01 8.515755506308163580e-01 -1.261409327673597945e-02 5.020963626003365210e-01 5.774801808393993374e-01 4.506599171970774975e+00 5.424050890702620739e-03 1.000000000000000000e+04 7.209608226930043062e-04 5.135871008462823076e-04 6.226328089972637354e-04 1.012341260206665584e-04 3.019504145531377425e-03 1.337178619277937415e-02
8.000000000000000000e+00 1.000000000000000000e+00 1.250000000000000000e-01 2.026311804140414410e-02 2.026311804140414410e-02 1.750000000000000000e+00 1.562500000000000000e-02 1.000000000000158817e-01 8.514786082699594694e-01 -1.374955099769013811e-02 5.019277986208475761e-01 5.694978180421180758e-01 4.474071284678730720e+00 5.275799910654825273e-03 1.000000000000000000e+04 7.365080864349872903e-04 5.377978153607962560e-04 6.321818935241251295e-04 1.001776176276606036e-04 3.112506143767687986e-03 1.375213575322639485e-02
8.000000000000000000e+00 1.000000000000000000e+00 1.250000000000000000e-01 2.026311804140414410e-02 2.026311804140414410e-02 1.799999999999662093e+00 1.562500000000000000e-02 1.000000000000158817e-01 8.513889371584860699e-01 -1.495522301051771877e-02 5.017572815724208324e-01 5.616790120513903695e-01 4.442059816625800295e+00 5.297123817317098485e-03 1.000000000000000000e+04 7.393057830093489793e-04 5.587476002707044082e-04 6.302490391127150635e-04 9.991693316555511951e-05 3.117909020901599333e-03 1.353802217962547967e-02
8.000000000000000000e+00 1.000000000000000000e+00 1.250000000000000000e-01 2.026311804140414410e-02 2.026311804140414410e-02 1.850000000000061151e+00 1.562500000000000000e-02 1.000000000000158817e-01 8.512225998380257286e-01 -1.622924971134585490e-02 5.015857150950250309e-01 5.536217109470679132e-01 4.414754765038601647e+00 5.175746567370136282e-03 1.000000000000000000e+04 7.556570505489588639e-04 5.833850191608394315e-04 6.406824096235062870e-04 9.915629514012178492e-05 3.213176712285532085e-03 1.388461064686398634e-02
8.000000000000000000e+00 1.000000000000000000e+00 1.250000000000000000e-01 2.026311804140414410e-02 2.026311804140414410e-02 1.899999999999978817e+00 1.562500000000000000e-02 1.000000000000158817e-01 8.511170430027518163e-01 -1.755910256340719941e-02 5.013850407425840539e-01 5.456765245233636819e-01 4.384109472789332607e+00 5.207452369378732029e-03 1.000000000000000000e+04 7.586705773859950524e-04 6.049137097544069397e-04 6.384297839249296726e-04 9.893020758319927667e-05 3.216649915047930467e-03 1.365669064393072209e-02
8.000000000000000000e+00 1.000000000000000000e+00 1.250000000000000000e-01 2.026311804140414410e-02 2.026311804140414410e-02 1.950000000000367884e+00 1.562500000000000000e-02 1.000000000000158817e-01 8.512457777487761890e-01 -1.896921895205289435e-02 5.009273852798119542e-01 5.389662830976449381e-01 4.359202744999389978e+00 5.073903876557663527e-03 1.000000000000000000e+04 7.667485285122946229e-04 6.291806750215029036e-04 6.409695668656760579e-04 9.763559640872367324e-05 3.287885212690976316e-03 1.394071176211828661e-02
8.000000000000000000e+00 1.000000000000000000e+00 1.250000000000000000e-01 2.026311804140414410e-02 2.026311804140414410e-02 2.000000000000000000e+00 1.562500000000000000e-02 1.000000000000158817e-01 8.511227435773175420e-01 -2.041193198371654347e-02 5.006948836167302019e-01 5.309594131216158752e-01 4.329852978738045977e+00 5.117132743061895798e-03 1.000000000000000000e+04 7.700093614312031017e-04 6.512054528413542282e-04 6.383879203955502733e-04 9.746031964117094534e-05 3.289192429293487721e-03 1.370451482392798931e-02
8.000000000000000000e+00 1.000000000000000000e+00 1.250000000000000000e-01 2.026311804140414410e-02 2.026311804140414410e-02 2.049999999999614797e+00 1.562500000000000000e-02 1.000000000000158817e-01 8.513024167517562191e-01 -2.186919013611860266e-02 5.002156765033358710e-01 5.233346943525725159e-01 4.296624595358092158e+00 4.986750863137352253e-03 1.000000000000000000e+04 7.737728994146222516e-04 6.746242687597289603e-04 6.387289556479657914e-04 9.566249527012984607e-05 3.361571353402753506e-03 1.410588159871923632e-02
8.000000000000000000e+00 1.000000000000000000e+00 1.250000000000000000e-01 2.026311804140414410e-02 2.026311804140414410e-02 2.099999999999880185e+00 1.562500000000000000e-02 1.000000000000158817e-01 8.511608936494616806e-01 -2.342837278506267051e-02 4.999530839292969375e-01 5.153371530630209696e-01 4.268728664607523093e+00 5.042310350190291196e-03 1.000000000000000000e+04 7.772469390295974525e-04 6.967672904252201604e-04 6.359290078665164958e-04 9.554741463709408062e-05 3.360656744178618528e-03 1.386055344782541852e-02
8.000000000000000000e+00 1.000000000000000000e+00 1.250000000000000000e-01 2.026311804140414410e-02 2.026311804140414410e-02 2.150000000000150457e+00 1.562500000000000000e-02 1.000000000000158817e-01 8.510076912460624587e-01 -2.507428505865310492e-02 4.996888860135522692e-01 5.073712316712264414e-01 4.242423672750004648e+00 4.962525216050963327e-03 1.000000000000000000e+04 7.882006136051076649e-04 7.232967534505768941e-04 6.403535659271130873e-04 9.450588960493101125e-05 3.443465199303437189e-03 1.415784666484589532e-02
8.000000000000000000e+00 1.000000000000000000e+00 1.250000000000000000e-01 2.026311804140414410e-02 2.026311804140414410e-02 2.200000000000408740e+00 1.562500000000000000e-02 1.000000000000158817e-01 8.508457571529884911e-01 -2.675467823999166592e-02 4.993917467316078551e-01 4.994313681204507471e-01 4.215648654547854868e+00 5.030726329033102101e-03 1.000000000000000000e+04 7.919150416092511158e-04 7.457294033520852272e-04 6.372822745274232294e-04 9.447056750569496591e-05 3.439387035760556755e-03 1.390354555776310459e-02
8.000000000000000000e+00 1.000000000000000000e+00 1.250000000000000000e-01 2.026311804140414410e-02 2.026311804140414410e-02 2.250000000000000000e+00 1.562500000000000000e-02 1.000000000000158817e-01 8.506385015396723537e-01 -2.856775386875854555e-02 4.990782072567195304e-01 4.910551220709981624e-01 4.190672210172163403e+00 4.987211083561325468e-03 1.000000000000000000e+04 8.030894237527361288e-04 7.733727264626587272e-04 6.415308773222548481e-04 9.406012725603134597e-05 3.530748654221093751e-03 1.422540073486044422e-02
8.000000000000000000e+00 1.000000000000000000e+00 1.250000000000000000e-01 2.026311804140414410e-02 2.026311804140414410e-02 2.299999999999577049e+00 1.562500000000000000e-02 1.000000000000158817e-01 8.504543484164540645e-01 -3.037112725292216708e-02 4.987443383192197710e-01 4.832154129046239421e-01 4.165062257798458845e+00 5.068392975909845680e-03 1.000000000000000000e+04 8.070267090287137467e-04 7.960801444653464861e-04 6.382499726105530981e-04 9.411656811944600978e-05 3.523719171690148453e-03 1.395972983567793368e-02
8.000000000000000000e+00 1.000000000000000000e+00 1.250000000000000000e-01 2.026311804140414410e-02 2.026311804140414410e-02 2.349999999999738520e+00 1.562500000000000000e-02 1.000000000000158817e-01 8.502788274955200842e-01 -3.231872781341863649e-02 4.983792438849071749e-01 4.744437029321849075e-01 4.136483749276680832e+00 5.054424018282641096e-03 1.000000000000000000e+04 8.145194569627274084e-04 8.232875025012990552e-04 6.387490307328920133e-04 9.363171261727530051e-05 3.602708429260107967e-03 1.424374378982844885e-02
8.000000000000000000e+00 1.000000000000000000e+00 1.250000000000000000e-01 2.026311804140414410e-02 2.026311804140414410e-02 2.400000000000286793e+00 1.562500000000000000e-02 1.000000000000158817e-01 8.500708406532790917e-01 -3.424666975491499205e-02 4.980077491175219362e-01 4.667773902835128941e-01 4.111897333841171509e+00 5.149299193115299336e-03 1.000000000000000000e+04 8.186895547019807946e-04 8.461762771537406289e-04 6.352586831279135931e-04 9.379561162243626972e-05 3.592154487961877682e-03 1.397484237743190638e-02
8.000000000000000000e+00 1.000000000000000000e+00 1.250000000000000000e-01 2.026311804140414410e-02 2.026311804140414410e-02 2.450000000000441158e+00 1.562500000000000000e-02 1.000000000000158817e-01 8.496310704537609615e-01 -3.623252253997084199e-02 4.977876278852930159e-01 4.587224050833048072e-01 4.091986642779771088e+00 5.163164308038821482e-03 1.000000000000000000e+04 8.322285055597980876e-04 8.743813904458689170e-04 6.423235984062711321e-04 9.433246455300740797e-05 3.681458141712762918e-03 1.421298213462952181e-02
8.000000000000000000e+00 1.000000000000000000e+00 1.250000000000000000e-01 2.026311804140414410e-02 2.026311804140414410e-02 2.500000000000000000e+00 1.562500000000000000e-02 1.000000000000158817e-01 8.493982524364072084e-01 -3.827844992244911621e-02 4.973768037509079254e-01 4.513179905110965562e-01 4.067871694717974940e+00 5.271120141648409814e-03 1.000000000000000000e+04 8.366251391543978776e-04 8.974738750723398710e-04 6.386976885367113979e-04 9.460502663657596734e-05 3.666397153065479187e-03 1.394610220337646513e-02
8.000000000000000000e+00 1.000000000000000000e+00 1.250000000000000000e-01 2.026311804140414410e-02 2.026311804140414410e-02 2.549999999999547295e+00 1.562500000000000000e-02 1.000000000000158817e-01 8.491192122751873850e-01 -4.026904403303568913e-02 4.969795661976381118e-01 4.446141248074336749e-01 4.048445149950918420e+00 5.267759525077414171e-03 1.000000000000000000e+04 8.471222619488405058e-04 9.252378083403747571e-04 6.415553878976365705e-04 9.445119445073460159e-05 3.735475749308016929e-03 1.419256238368948701e-02
8.000000000000000000e+00 1.000000000000000000e+00 1.250000000000000000e-01 2.026311804140414410e-02 2.026311804140414410e-02 2.599999999999623501e+00 1.562500000000000000e-02 1.000000000000158817e-01 8.488608393107446304e-01 -4.241904754865243737e-02 4.965322927496739758e-01 4.375227882830418080e-01 4.024950907392392807e+00 5.388606129136346359e-03 1.000000000000000000e+04 8.517498433068033557e-04 9.483401673647241749e-04 6.378191626351327644e-04 9.485208292952742757e-05 3.716067939365037993e-03 1.393050736815562400e-02
8.000000000000000000e+00 1.000000000000000000e+00 1.250000000000000000e-01 2.026311804140414410e-02 2.026311804140414410e-02 2.650000000000396927e+00 1.562500000000000000e-02 1.000000000000158817e-01 8.484753257537662741e-01 -4.452987845523707910e-02 4.961753439292916346e-01 4.302455252721482659e-01 4.002494752265683076e+00 5.421571525729294329e-03 1.000000000000000000e+04 8.623331860923615306e-04 9.759906869345981104e-04 6.414000825693630002e-04 9.525878547454922859e-05 3.788154858362936025e-03 1.418125958774137454e-02
8.000000000000000000e+00 1.000000000000000000e+00 1.250000000000000000e-01 2.026311804140414410e-02 2.026311804140414410e-02 2.700000000000467804e+00 1.562500000000000000e-02 1.000000000000158817e-01 8.481899895981567239e-01 -4.678592206963663735e-02 4.956917285779163795e-01 4.234984625733515529e-01 3.979487551725578776e+00 5.554467706803200601e-03 1.000000000000000000e+04 8.671956528218831067e-04 9.991276873783532832e-04 6.375661740455483735e-04 9.577997053864060334e-05 3.764662788117854614e-03 1.392939712899280216e-02
8.000000000000000000e+00 1.000000000000000000e+00 1.250000000000000000e-01 2.026311804140414410e-02 2.026311804140414410e-02 2.750000000000000000e+00 1.562500000000000000e-02 1.000000000000158817e-01 8.479200452859411152e-01 -4.914791109765548338e-02 4.952022397165404821e-01 4.166966927066977355e-01 3.961820690873838480e+00 5.585921220348207331e-03 1.000000000000000000e+04 8.729775610293971340e-04 1.026919214220778104e-03 6.367630760486306515e-04 9.613300199944524232e-05 3.838820404528959108e-03 1.416834023239632069e-02
8.000000000000000000e+00 1.000000000000000000e+00 1.250000000000000000e-01 2.026311804140414410e-02 2.026311804140414410e-02 2.799999999999522871e+00 1.562500000000000000e-02 1.000000000000158817e-01 8.476055409639138283e-01 -5.150116249547741221e-02 4.946845070893359786e-01 4.103144375199369032e-01 3.939229443922019680e+00 5.730471310906788164e-03 1.000000000000000000e+04 8.780715036242871469e-04 1.050014857958785986e-03 6.329012121528065568e-04 9.677733965352917770e-05 3.811334563288995732e-03 1.392658776566577626e-02
8.000000000000000000e+00 1.000000000000000000e+00 1.250000000000000000e-01 2.026311804140414410e-02 2.026311804140414410e-02 2.849999999999528910e+00 1.562500000000000000e-02 1.000000000000158817e-01 8.472640489272637021e-01 -5.364514414576619650e-02 4.941603233248102467e-01 4.053058352496919370e-01 3.925728184271374044e+00 5.752724115299834642e-03 1.000000000000000000e+04 8.887184516516705287e-04 1.078091965705188331e-03 6.361828061939807160e-04 9.674721318837309694e-05 3.871725966242226327e-03 1.414437308550370136e-02
8.000000000000000000e+00 1.000000000000000000e+00 1.250000000000000000e-01 2.026311804140414410e-02 2.026311804140414410e-02 2.900000000000488409e+00 1.562500000000000000e-02 1.000000000000158817e-01 8.469211821918616323e-01 -5.607932772164482549e-02 4.936117701717677719e-01 3.993144210616039746e-01 3.903316691431640173e+00 5.907981015533329480e-03 1.000000000000000000e+04 8.940321744677565477e-04 1.101027407722236914e-03 6.322927334264596575e-04 9.751036785991611892e-05 3.840168628276277498e-03 1.391464078020835174e-02
8.000000000000000000e+00 1.000000000000000000e+00 1.250000000000000000e-01 2.026311804140414410e-02 2.026311804140414410e-02 2.950000000000490008e+00 1.562500000000000000e-02 1.000000000000158817e-01 8.465995800863839182e-01 -5.866806376427721043e-02 4.930026826155246567e-01 3.923132002069770197e-01 3.878658327990288868e+00 5.923221317165225722e-03 1.000000000000000000e+04 9.027287065803763421e-04 1.130948870006668813e-03 6.318203945911878006e-04 9.705229302700198732e-05 3.905123015429079816e-03 1.419201537897148493e-02
8.000000000000000000e+00 1.000000000000000000e+00 1.250000000000000000e-01 2.026311804140414410e-02 2.026311804140414410e-02 3.000000000000000000e+00 1.562500000000000000e-02 1.000000000000158817e-01 8.462250329633237422e-01 -6.119357353318334580e-02 4.924254929792524216e-01 3.866954865698101207e-01 3.856904476608514987e+00 6.088083356517927369e-03 1.000000000000000000e+04 9.082784581885606535e-04 1.153651690659788587e-03 6.279520436777073734e-04 9.791513931885239392e-05 3.870289101424486278e-03 1.397341446007505095e-02
8.000000000000000000e+00 1.000000000000000000e+00 1.250000000000000000e-01 2.026311804140414410e-02 2.026311804140414410e-02 3.049999999999502442e+00 1.562500000000000000e-02 1.000000000000158817e-01 8.458170419931064776e-01 -6.395821924948912052e-02 4.918568324413954418e-01 3.801323740451041377e-01 3.830332202830022847e+00 6.139604862249860816e-03 1.000000000000000000e+04 9.162221713819605545e-04 1.182215356121219451e-03 6.270719639991799476e-04 9.824402898612158463e-05 3.923005523336481164e-03 1.424723542517452972e-02
8.000000000000000000e+00 1.000000000000000000e+00 1.250000000000000000e-01 2.026311804140414410e-02 2.026311804140414410e-02 3.099999999999449418e+00 1.562500000000000000e-02 1.000000000000158817e-01 8.454091682147689690e-01 -6.656741164910881525e-02 4.912540983776335635e-01 3.748675795593902627e-01 3.809227261446260115e+00 6.314223211467771997e-03 1.000000000000000000e+04 9.220155858238239001e-04 1.204590276974141280e-03 6.232388970020798441e-04 9.922953227781281720e-05 3.885293166806832402e-03 1.403809889820362665e-02
8.000000000000000000e+00 1.000000000000000000e+00 1.250000000000000000e-01 2.026311804140414410e-02 2.026311804140414410e-02 3.150000000000564793e+00 1.562500000000000000e-02 1.000000000000158817e-01 8.449962530733186039e-01 -6.908031348353055323e-02 4.906325198772076845e-01 3.711263491877961895e-01 3.788134779921734197e+00 6.328517059013455230e-03 1.000000000000000000e+04 9.330921570067046786e-04 1.234229817691727144e-03 6.240897540219266914e-04 9.901777327495706450e-05 3.926566569253108450e-03 1.436070440344646044e-02
8.000000000000000000e+00 1.000000000000000000e+00 1.250000000000000000e-01 2.026311804140414410e-02 2.026311804140414410e-02 3.200000000000508216e+00 1.562500000000000000e-02 1.000000000000158817e-01 8.445561779777456257e-01 -7.174923045132140798e-02 4.900102753178171011e-01 3.662014829876899524e-01 3.767449245857830142e+00 6.510939357108446422e-03 1.000000000000000000e+04 9.391344033330619335e-04 1.256191974417255903e-03 6.203135721146586486e-04 1.000966021049778942e-04 3.886065403501526641e-03 1.415924036805447060e-02
8.000000000000000000e+00 1.000000000000000000e+00 1.250000000000000000e-01 2.026311804140414410e-02 2.026311804140414410e-02 3.250000000000000000e+00 1.562500000000000000e-02 1.000000000000158817e-01 8.440782969347403464e-01 -7.442117961853267349e-02 4.894605944307943712e-01 3.611585981531177381e-01 3.744882936017376096e+00 6.559599583315981614e-03 1.000000000000000000e+04 9.482800849425274256e-04 1.282662881438843090e-03 6.213519670058806647e-04 1.006088460653683961e-04 3.934007274644199526e-03 1.442865321201019894e-02
8.000000000000000000e+00 1.000000000000000000e+00 1.250000000000000000e-01 2.026311804140414410e-02 2.026311804140414410e-02 3.299999999999510436e+00 1.562500000000000000e-02 1.000000000000158817e-01 8.436046373992096559e-01 -7.715493297980857701e-02 4.888199054067660643e-01 3.565170558341803075e-01 3.724692730445588129e+00 6.750000858196773118e-03 1.000000000000000000e+04 9.545384221163757087e-04 1.304190016950968183e-03 6.177274547439836694e-04 1.018010708239715754e-04 3.891315085097882959e-03 1.423479136624380449e-02
8.000000000000000000e+00 1.000000000000000000e+00 1.250000000000000000e-01 2.026311804140414410e-02 2.026311804140414410e-02 3.349999999999382361e+00 1.562500000000000000e-02 1.000000000000158817e-01 8.430220477352362574e-01 -8.004356761356135053e-02 4.882814192865048697e-01 3.509223806430130654e-01 3.701990930980908701e+00 6.795213412003102242e-03 1.000000000000000000e+04 9.661444775375761579e-04 1.331704895579798650e-03 6.190349218721525855e-04 1.021902971039888812e-04 3.948419272485458563e-03 1.454058185426451190e-02
8.000000000000000000e+00 1.000000000000000000e+00 1.250000000000000000e-01 2.026311804140414410e-02 2.026311804140414410e-02 3.400000000000630074e+00 1.562500000000000000e-02 1.000000000000158817e-01 8.425130407188178294e-01 -8.284329838966189574e-02 4.876238143489780574e-01 3.465518600451231168e-01 3.682559906498879876e+00 6.991997205099004416e-03 1.000000000000000000e+04 9.726279583552672114e-04 1.352830769905289440e-03 6.155792492026671784e-04 1.034677854633364255e-04 3.904290235042741277e-03 1.435110596230081831e-02
8.000000000000000000e+00 1.000000000000000000e+00 1.250000000000000000e-01 2.026311804140414410e-02 2.026311804140414410e-02 3.450000000000341238e+00 1.562500000000000000e-02 1.000000000000158817e-01 8.419983344367557576e-01 -8.574868019378524553e-02 4.869713170457471985e-01 3.414099781992760430e-01 3.664263097607846298e+00 7.057066167827604972e-03 1.000000000000000000e+04 9.804606122952388720e-04 1.379305964712539394e-03 6.161279514758521590e-04 1.041779884703403040e-04 3.956848258318390772e-03 1.461432719782900479e-02
8.000000000000000000e+00 1.000000000000000000e+00 1.250000000000000000e-01 2.026311804140414410e-02 2.026311804140414410e-02 3.500000000000000000e+00 1.562500000000000000e-02 1.000000000000158817e-01 8.414534799234856255e-01 -8.860902086882667394e-02 4.862984914756269816e-01 3.372576243460748135e-01 3.645527791202216150e+00 7.260479591738885560e-03 1.000000000000000000e+04 9.871646692930107804e-04 1.399990526526420816e-03 6.128568368541500522e-04 1.055556058309799618e-04 3.911280577502613057e-03 1.442488060108961835e-02
8.000000000000000000e+00 1.000000000000000000e+00 1.250000000000000000e-01 2.026311804140414410e-02 2.026311804140414410e-02 3.549999999999749800e+00 1.562500000000000000e-02 1.000000000000158817e-01 8.408433938114094897e-01 -9.163921629863713836e-02 4.856776037984416594e-01 3.328018977626887587e-01 3.625936104900331802e+00 7.291797730316646603e-03 1.000000000000000000e+04 9.977784924830252269e-04 1.428360053336666076e-03 6.135127855114279067e-04 1.054542682879432093e-04 3.958179193572054257e-03 1.469981413749416564e-02
8.000000000000000000e+00 1.000000000000000000e+00 1.250000000000000000e-01 2.026311804140414410e-02 2.026311804140414410e-02 3.599999999999324185e+00 1.562500000000000000e-02 1.000000000000158817e-01 8.402615640551832632e-01 -9.455020435260830247e-02 4.849951015242414676e-01 3.288619528846033480e-01 3.607862811809134485e+00 7.500600280387363129e-03 1.000000000000000000e+04 1.004719161912526410e-03 1.448490342025077942e-03 6.104871327056016596e-04 1.069005189930897115e-04 3.911350897385998913e-03 1.451046211306774095e-02
8.000000000000000000e+00 1.000000000000000000e+00 1.250000000000000000e-01 2.026311804140414410e-02 2.026311804140414410e-02 3.650000000000686917e+00 1.562500000000000000e-02 1.000000000000158817e-01 8.396290341967196369e-01 -9.755979371841012882e-02 4.843282872143922502e-01 3.246680564745834663e-01 3.582771265690877005e+00 7.574584055717966356e-03 1.000000000000000000e+04 1.014458116560154957e-03 1.475442386067515399e-03 6.103390202720671183e-04 1.078012096929430565e-04 3.947096763313953476e-03 1.479041837320978908e-02
8.000000000000000000e+00 1.000000000000000000e+00 1.250000000000000000e-01 2.026311804140414410e-02 2.026311804140414410e-02 3.700000000000122302e+00 1.562500000000000000e-02 1.000000000000158817e-01 8.390100530941916324e-01 -1.005177355311902276e-01 4.836394637440572519e-01 3.209233704907896723e-01 3.565090652901614643e+00 7.788207990907767414e-03 1.000000000000000000e+04 1.021630396267329864e-03 1.494974252328793536e-03 6.075894833469896701e-04 1.092861800126007833e-04 3.898931102628280885e-03 1.459965168626584445e-02
8.000000000000000000e+00 1.000000000000000000e+00 1.250000000000000000e-01 2.026311804140414410e-02 2.026311804140414410e-02 3.750000000000000000e+00 1.562500000000000000e-02 1.000000000000158817e-01 8.384264346690373237e-01 -1.034812775127351009e-01 4.829719207553529459e-01 3.171312127909091116e-01 3.546228802618753839e+00 7.843528906983048346e-03 1.000000000000000000e+04 1.028863110985138267e-03 1.519173357014532702e-03 6.101699481850330177e-04 1.096669467327745904e-04 3.939484277095797737e-03 1.485111231779478839e-02
8.000000000000000000e+00 1.000000000000000000e+00 1.250000000000000000e-01 2.026311804140414410e-02 2.026311804140414410e-02 3.799999999999957634e+00 1.562500000000000000e-02 1.000000000000158817e-01 8.377703152101169115e-01 -1.064802149794562697e-01 4.822780807876306253e-01 3.135642123095778722e-01 3.528954807077711919e+00 8.062045025373498763e-03 1.000000000000000000e+04 1.036236979945281446e-03 1.538114422236059632e-03 6.078325435683632708e-04 1.112120119241542826e-04 3.890487396182711402e-03 1.466006465698689760e-02
8.000000000000000000e+00 1.000000000000000000e+00 1.250000000000000000e-01 2.026311804140414410e-02 2.026311804140414410e-02 3.849999999999274003e+00 1.562500000000000000e-02 1.000000000000158817e-01 8.370817801963931215e-01 -1.094656659197289911e-01 4.815406540237358035e-01 3.101182362561865635e-01 3.515752827109452472e+00 8.121285596282641975e-03 1.000000000000000000e+04 1.048773854976771478e-03 1.565546014316185949e-03 6.068524112455513488e-04 1.122545909312063520e-04 3.945354932399672103e-03 1.491768726588237753e-02
8.000000000000000000e+00 1.000000000000000000e+00 1.250000000000000000e-01 2.026311804140414410e-02 2.026311804140414410e-02 3.900000000000735767e+00 1.562500000000000000e-02 1.000000000000158817e-01 8.363881359180422859e-01 -1.125034686656602445e-01 4.808403599249468363e-01 3.067161056456795265e-01 3.498769192468775824e+00 8.343354721555729103e-03 1.000000000000000000e+04 1.056394193100992441e-03 1.584019677117489778e-03 6.047160440460932042e-04 1.138451977202260070e-04 3.895761038251922652e-03 1.472232244567583254e-02
8.000000000000000000e+00 1.000000000000000000e+00 1.250000000000000000e-01 2.026311804140414410e-02 2.026311804140414410e-02 3.949999999999930012e+00 1.562500000000000000e-02 1.000000000000158817e-01 8.357672430480830306e-01 -1.154559674375883055e-01 4.800557143563340956e-01 3.040826350365477548e-01 3.479804692237094432e+00 8.398323346028727446e-03 1.000000000000000000e+04 1.065326406589534080e-03 1.609847263186665140e-03 6.042934318757973815e-04 1.146671104408518628e-04 3.933962319448530177e-03 1.498518156808032430e-02
8.000000000000000000e+00 1.000000000000000000e+00 1.250000000000000000e-01 2.026311804140414410e-02 2.026311804140414410e-02 4.000000000000000000e+00 1.562500000000000000e-02 1.000000000000158817e-01 8.350360653039536896e-01 -1.185236240764486193e-01 4.793549551218053151e-01 3.008200736301606670e-01 3.463189319114550191e+00 8.623813735238156086e-03 1.000000000000000000e+04 1.073178789841525453e-03 1.627749126242162290e-03 6.024520400896778453e-04 1.163164299638336636e-04 3.883633523843166378e-03 1.478327799788452072e-02
8.000000000000000000e+00 1.000000000000000000e+00 1.250000000000000000e-01 2.026311804140414410e-02 2.026311804140414410e-02 4.050000000000140155e+00 1.562500000000000000e-02 1.000000000000158817e-01 8.342958763505888831e-01 -1.215527878459531641e-01 4.786707445613422318e-01 2.976156330166523922e-01 3.445113769879726728e+00 8.689292483901586706e-03 1.000000000000000000e+04 1.084390073739703109e-03 1.650579448124180884e-03 6.059841474618240598e-04 1.168263181741321379e-04 3.917997485954604134e-03 1.496404466249815282e-02
8.000000000000000000e+00 1.000000000000000000e+00 1.250000000000000000e-01 2.026311804140414410e-02 2.026311804140414410e-02 4.099999999999229594e+00 1.562500000000000000e-02 1.000000000000158817e-01 8.335264940675232159e-01 -1.246520285262261996e-01 4.779711549047042096e-01 2.944694810568776466e-01 3.428796290537424074e+00 8.918411459946956610e-03 1.000000000000000000e+04 1.092441466293904515e-03 1.667870471691497393e-03 6.045118369070097983e-04 1.185029962134964324e-04 3.867054073544468670e-03 1.475982310795118622e-02
8.000000000000000000e+00 1.000000000000000000e+00 1.250000000000000000e-01 2.026311804140414410e-02 2.026311804140414410e-02 4.150000000000779288e+00 1.562500000000000000e-02 1.000000000000158817e-01 8.327534313497569896e-01 -1.277249180032896669e-01 4.772148647562937107e-01 2.917018674451479776e-01 3.410194486679955173e+00 8.984837828360577039e-03 1.000000000000000000e+04 1.103176139450730894e-03 1.692536361760398024e-03 6.076221417476352672e-04 1.197870500041655863e-04 3.904025544997522142e-03 1.495555713656471220e-02
8.000000000000000000e+00 1.000000000000000000e+00 1.250000000000000000e-01 2.026311804140414410e-02 2.026311804140414410e-02 4.199999999999760369e+00 1.562500000000000000e-02 1.000000000000158817e-01 8.319453989624847612e-01 -1.308477130109620412e-01 4.765164182412067184e-01 2.886705510477325376e-01 3.394041995224057029e+00 9.217154842372740978e-03 1.000000000000000000e+04 1.111440087451583732e-03 1.709225590516076339e-03 6.066741743991011437e-04 1.214911077169700070e-04 3.852375735365001861e-03 1.474915195288837785e-02
8.000000000000000000e+00 1.000000000000000000e+00 1.250000000000000000e-01 2.026311804140414410e-02 2.026311804140414410e-02 4.250000000000000000e+00 1.562500000000000000e-02 1.000000000000158817e-01 8.311691292584115764e-01 -1.338852634627204774e-01 4.758380028415595264e-01 2.856391735299915191e-01 3.374946382867995975e+00 9.288924387614321335e-03 1.000000000000000000e+04 1.122330770107342638e-03 1.729813118929303221e-03 6.098185788284411595e-04 1.226913460178108341e-04 3.886666511812134767e-03 1.493781338092334959e-02
8.000000000000000000e+00 1.000000000000000000e+00 1.250000000000000000e-01 2.026311804140414410e-02 2.026311804140414410e-02 4.300000000000300915e+00 1.562500000000000000e-02 1.000000000000158817e-01 8.303225137999760141e-01 -1.370337474131699262e-01 4.751451814720172306e-01 2.827200534919042663e-01 3.359091758560581287e+00 9.524549767051596061e-03 1.000000000000000000e+04 1.130778844691170777e-03 1.745849164860771574e-03 6.092970547404255892e-04 1.244377742745736567e-04 3.834472336232553312e-03 1.472826476909442142e-02
8.000000000000000000e+00 1.000000000000000000e+00 1.250000000000000000e-01 2.026311804140414410e-02 2.026311804140414410e-02 4.349999999999189626e+00 1.562500000000000000e-02 1.000000000000158817e-01 8.293619805649680155e-01 -1.401757128220620374e-01 4.745720033261659476e-01 2.797165357247243245e-01 3.342507834578949399e+00 9.594683152845352378e-03 1.000000000000000000e+04 1.143586081301837913e-03 1.768450423842566916e-03 6.127211800970369920e-04 1.258818699912138319e-04 3.874003489848513310e-03 1.492272717138991810e-02
8.000000000000000000e+00 1.000000000000000000e+00 1.250000000000000000e-01 2.026311804140414410e-02 2.026311804140414410e-02 4.400000000000817479e+00 1.562500000000000000e-02 1.000000000000158817e-01 8.284759764809639382e-01 -1.433474622018593159e-01 4.738831557767761993e-01 2.769068506409954056e-01 3.326895956405472088e+00 9.832881911968460731e-03 1.000000000000000000e+04 1.152232880958412769e-03 1.783883646807914083e-03 6.127089718589431508e-04 1.276157984542677134e-04 3.821479413296077071e-03 1.471248568176631612e-02
8.000000000000000000e+00 1.000000000000000000e+00 1.250000000000000000e-01 2.026311804140414410e-02 2.026311804140414410e-02 4.449999999999611155e+00 1.562500000000000000e-02 1.000000000000158817e-01 8.273301467717534274e-01 -1.467800034558206790e-01 4.732523634774424837e-01 2.735068567641547599e-01 3.310524171530933479e+00 9.912100778727261571e-03 1.000000000000000000e+04 1.169796587684206928e-03 1.808423199151013797e-03 6.168704761577628983e-04 1.287210904916480186e-04 3.863293676999248610e-03 1.488582587272222445e-02
8.000000000000000000e+00 1.000000000000000000e+00 1.250000000000000000e-01 2.026311804140414410e-02 2.026311804140414410e-02 4.500000000000000000e+00 1.562500000000000000e-02 1.000000000000158817e-01 8.264027879811263189e-01 -1.499765300578051463e-01 4.725670600720214831e-01 2.707678414606241590e-01 3.294804758480862183e+00 1.015315176531372474e-02 1.000000000000000000e+04 1.178661520132908216e-03 1.823233431273909222e-03 6.172848513643954937e-04 1.304696455973013678e-04 3.809906717006336305e-03 1.467288272119405233e-02
8.000000000000000000e+00 1.000000000000000000e+00 1.250000000000000000e-01 2.026311804140414410e-02 2.026311804140414410e-02 4.550000000000444800e+00 1.562500000000000000e-02 1.000000000000158817e-01 8.255414164712910896e-01 -1.530250406329857760e-01 4.717833772623299393e-01 2.695510937106866400e-01 3.285666380249004703e+00 1.022475379741639989e-02 1.000000000000000000e+04 1.188556322024347843e-03 1.845376454222846536e-03 6.212925377411292541e-04 1.320994517841189827e-04 3.855145513369446705e-03 1.486502004432354966e-02
8.000000000000000000e+00 1.000000000000000000e+00 1.250000000000000000e-01 2.026311804140414410e-02 2.026311804140414410e-02 4.599999999999154099e+00 1.562500000000000000e-02 1.000000000000158817e-01 8.245750025162699171e-01 -1.562290167289302756e-01 4.711036699362011748e-01 2.668822134488275655e-01 3.269719934582261622e+00 1.046768346549155349e-02 1.000000000000000000e+04 1.197608726818396663e-03 1.859716507843573157e-03 6.222285157692114717e-04 1.338461775253610756e-04 3.801161297247809216e-03 1.465439312312527727e-02
8.000000000000000000e+00 1.000000000000000000e+00 1.250000000000000000e-01 2.026311804140414410e-02 2.026311804140414410e-02 4.650000000000852118e+00 1.562500000000000000e-02 1.000000000000158817e-01 8.236185998593705815e-01 -1.595273707722679180e-01 4.704976417610396977e-01 2.637080699556486607e-01 3.250780561605667973e+00 1.053667448640296760e-02 1.000000000000000000e+04 1.207691336430770932e-03 1.877087254129672974e-03 6.283046688742749712e-04 1.343927045384905601e-04 3.832371381527435294e-03 1.478431865506344041e-02
8.000000000000000000e+00 1.000000000000000000e+00 1.250000000000000000e-01 2.026311804140414410e-02 2.026311804140414410e-02 4.699999999999477041e+00 1.562500000000000000e-02 1.000000000000158817e-01 8.226114800046656628e-01 -1.627524795920184952e-01 4.698256445291909555e-01 2.610735942006598420e-01 3.234774646607856852e+00 1.078226684342968242e-02 1.000000000000000000e+04 1.216896543225493748e-03 1.890817558106658259e-03 6.298002646933806249e-04 1.361372657865203843e-04 3.777742332790876619e-03 1.457586920421409353e-02
8.000000000000000000e+00 1.000000000000000000e+00 1.250000000000000000e-01 2.026311804140414410e-02 2.026311804140414410e-02 4.750000000000000000e+00 1.562500000000000000e-02 1.000000000000158817e-01 8.215190256689589576e-01 -1.662016333177874783e-01 4.691925828875825322e-01 2.571807063733164700e-01 3.218490830863342200e+00 1.085904184187915650e-02 1.000000000000000000e+04 1.228004973924473175e-03 1.910017679004388487e-03 6.377828357452776029e-04 1.374507553403548862e-04 3.826518261468849283e-03 1.476581594878103622e-02
8.000000000000000000e+00 1.000000000000000000e+00 1.250000000000000000e-01 2.026311804140414410e-02 2.026311804140414410e-02 4.800000000000573586e+00 1.562500000000000000e-02 1.000000000000158817e-01 8.204701029964850401e-01 -1.694550222080744295e-01 4.685233632928497149e-01 2.545956946080848993e-01 3.202550885739888553e+00 1.110694958938769454e-02 1.000000000000000000e+04 1.237371880866580546e-03 1.923244568857054512e-03 6.396729723665322198e-04 1.392126085972351295e-04 3.771853385636303631e-03 1.455851923815965759e-02
8.000000000000000000e+00 1.000000000000000000e+00 1.250000000000000000e-01 2.026311804140414410e-02 2.026311804140414410e-02 4.849999999999123013e+00 1.562500000000000000e-02 1.000000000000158817e-01 8.193470768587323150e-01 -1.727120264816538187e-01 4.678356037732787631e-01 2.518674396779661540e-01 3.182691733511912258e+00 1.117813844605630713e-02 1.000000000000000000e+04 1.251685934479614994e-03 1.942918453306927444e-03 6.483639857009079396e-04 1.403270371607734141e-04 3.808674759714926559e-03 1.473623634693833374e-02
8.000000000000000000e+00 1.000000000000000000e+00 1.250000000000000000e-01 2.026311804140414410e-02 2.026311804140414410e-02 4.900000000000882316e+00 1.562500000000000000e-02 1.000000000000158817e-01 8.182574168326183228e-01 -1.759804817596708204e-01 4.671748545512188766e-01 2.493299276429391254e-01 3.166852109303996965e+00 1.142766176863734169e-02 1.000000000000000000e+04 1.261217022727776933e-03 1.955541276716278674e-03 6.508255777260274488e-04 1.420894793616582247e-04 3.753736962217711463e-03 1.452948925234796851e-02
8.000000000000000000e+00 1.000000000000000000e+00 1.250000000000000000e-01 2.026311804140414410e-02 2.026311804140414410e-02 4.949999999999356248e+00 1.562500000000000000e-02 1.000000000000158817e-01 8.170345284289265431e-01 -1.793531719271414804e-01 4.665828168851835489e-01 2.465421238600842557e-01 3.152823926328964799e+00 1.151849972030121599e-02 1.000000000000000000e+04 1.273740097019574000e-03 1.973895061895470336e-03 6.610366680602094112e-04 1.431963134097742640e-04 3.798515107455288295e-03 1.470736258684645671e-02
8.000000000000000000e+00 1.000000000000000000e+00 1.250000000000000000e-01 2.026311804140414410e-02 2.026311804140414410e-02 5.000000000000000000e+00 1.562500000000000000e-02 1.000000000000158817e-01 8.159033094636308769e-01 -1.826380917591708952e-01 4.659277026593790505e-01 2.440612911696516674e-01 3.136773521056069214e+00 1.176989079069734254e-02 1.000000000000000000e+04 1.283419840006383081e-03 1.986008858275070850e-03 6.639854609618166432e-04 1.449459253690368789e-04 3.742835323730635527e-03 1.449819633298187610e-02
8.000000000000000000e+00 1.000000000000000000e+00 1.250000000000000000e-01 2.026311804140414410e-02 2.026311804140414410e-02 5.050000000000689049e+00 1.562500000000000000e-02 1.000000000000158817e-01 8.148907145924542128e-01 -1.857052739129454177e-01 4.653096586069833118e-01 2.420140429647441582e-01 3.120133849716930641e+00 1.180228214987438101e-02 1.000000000000000000e+04 1.293969551446875208e-03 2.001798827673211163e-03 6.737662703413468696e-04 1.444034761262293510e-04 3.777812558729450477e-03 1.464113183702981692e-02
8.000000000000000000e+00 1.000000000000000000e+00 1.250000000000000000e-01 2.026311804140414410e-02 2.026311804140414410e-02 5.099999999999094591e+00 1.562500000000000000e-02 1.000000000000158817e-01 8.137197599635458412e-01 -1.890013505296341545e-01 4.646637600618029884e-01 2.395542444939850746e-01 3.103987473355540150e+00 1.205467433244521679e-02 1.000000000000000000e+04 1.303780956141256924e-03 2.013426244856417278e-03 6.771849985046671325e-04 1.461283670092848412e-04 3.721697130618396680e-03 1.443447196390347520e-02
8.000000000000000000e+00 1.000000000000000000e+00 1.250000000000000000e-01 2.026311804140414410e-02 2.026311804140414410e-02 5.150000000000909850e+00 1.562500000000000000e-02 1.000000000000158817e-01 8.125348460427985753e-01 -1.923988934958599240e-01 4.640501227001577744e-01 2.373262297324658932e-01 3.084987173182955456e+00 1.212787297428801793e-02 1.000000000000000000e+04 1.315181110995539485e-03 2.029078601377295316e-03 6.862384390886549059e-04 1.465268101554677901e-04 3.752289760653847867e-03 1.459490303722683902e-02
8.000000000000000000e+00 1.000000000000000000e+00 1.250000000000000000e-01 2.026311804140414410e-02 2.026311804140414410e-02 5.199999999999247002e+00 1.562500000000000000e-02 1.000000000000158817e-01 8.113220220938688332e-01 -1.957058846454659828e-01 4.634163120739303587e-01 2.348701678759655409e-01 3.068767827262906422e+00 1.238197674887125781e-02 1.000000000000000000e+04 1.325132522221633908e-03 2.040114524004507310e-03 6.901529552384711970e-04 1.482280226493538596e-04 3.695862938623024202e-03 1.439239518072263184e-02
8.000000000000000000e+00 1.000000000000000000e+00 1.250000000000000000e-01 2.026311804140414410e-02 2.026311804140414410e-02 5.250000000000000000e+00 1.562500000000000000e-02 1.000000000000158817e-01 8.101585945508547049e-01 -1.990014377124608436e-01 4.626679536542805948e-01 2.323398451954695187e-01 3.048803132207874800e+00 1.247625369993666557e-02 1.000000000000000000e+04 1.336020648175762025e-03 2.056130614412720985e-03 7.005424577055792369e-04 1.499073677446463527e-04 3.718717195012532454e-03 1.452599394503267284e-02
8.000000000000000000e+00 1.000000000000000000e+00 1.250000000000000000e-01 2.026311804140414410e-02 2.026311804140414410e-02 5.300000000000793854e+00 1.562500000000000000e-02 1.000000000000158817e-01 8.089044644336554901e-01 -2.023212946812054935e-01 4.620408395514788991e-01 2.298902623271884271e-01 3.032747546359781499e+00 1.273306089927106997e-02 1.000000000000000000e+04 1.346110109561190170e-03 2.066643044191381409e-03 7.048491166443764631e-04 1.516065032131369160e-04 3.661885126345129811e-03 1.432696113981740162e-02
8.000000000000000000e+00 1.000000000000000000e+00 1.250000000000000000e-01 2.026311804140414410e-02 2.026311804140414410e-02 5.349999999999069722e+00 1.562500000000000000e-02 1.000000000000158817e-01 8.076707482025125007e-01 -2.054756619122477257e-01 4.614359090448862943e-01 2.281119689156710095e-01 3.018206573505129775e+00 1.280716270643112928e-02 1.000000000000000000e+04 1.357680311108806033e-03 2.082686943517227281e-03 7.147150250540177698e-04 1.526305058939250660e-04 3.697741555442726150e-03 1.448398648918312707e-02
8.000000000000000000e+00 1.000000000000000000e+00 1.250000000000000000e-01 2.026311804140414410e-02 2.026311804140414410e-02 5.400000000000935607e+00 1.562500000000000000e-02 1.000000000000158817e-01 8.063761289872279914e-01 -2.088035716705892719e-01 4.608191089873679425e-01 2.256590772660023447e-01 3.002548835907052460e+00 1.306544901499969748e-02 1.000000000000000000e+04 1.367901414547511912e-03 2.092687143683721798e-03 7.193947615353049130e-04 1.543055007946004848e-04 3.641098835184077443e-03 1.428834688650053308e-02
8.000000000000000000e+00 1.000000000000000000e+00 1.250000000000000000e-01 2.026311804140414410e-02 2.026311804140414410e-02 5.449999999999148415e+00 1.562500000000000000e-02 1.000000000000158817e-01 8.050262859564133455e-01 -2.122134477278202203e-01 4.602160603997998978e-01 2.227496705286081680e-01 2.987047209756804822e+00 1.312882479384588560e-02 1.000000000000000000e+04 1.380034408903933751e-03 2.107944920386202198e-03 7.327535034464508108e-04 1.544366886837527763e-04 3.678193577062751490e-03 1.442020575910220662e-02
8.000000000000000000e+00 1.000000000000000000e+00 1.250000000000000000e-01 2.026311804140414410e-02 2.026311804140414410e-02 5.500000000000000000e+00 1.562500000000000000e-02 1.000000000000158817e-01 8.036895140862839737e-01 -2.155545524898075660e-01 4.596032897657639227e-01 2.203436141838527318e-01 2.971902732946035908e+00 1.338870084574439803e-02 1.000000000000000000e+04 1.390371121066970089e-03 2.117487135347924637e-03 7.378983225767937965e-04 1.560877841869147973e-04 3.621544200582418275e-03 1.422625793641809147e-02
8.000000000000000000e+00 1.000000000000000000e+00 1.250000000000000000e-01 2.026311804140414410e-02 2.026311804140414410e-02 5.550000000000888889e+00 1.562500000000000000e-02 1.000000000000158817e-01 8.022538814370313576e-01 -2.190300004066268735e-01 4.589855123357431954e-01 2.176521167982891636e-01 2.951139230151839321e+00 1.342273292961958242e-02 1.000000000000000000e+04 1.406518985858994314e-03 2.133359737631784683e-03 7.492195152125040317e-04 1.559096718244323495e-04 3.650456758420796925e-03 1.439128681331445885e-02
8.000000000000000000e+00 1.000000000000000000e+00 1.250000000000000000e-01 2.026311804140414410e-02 2.026311804140414410e-02 5.599999999999045741e+00 1.562500000000000000e-02 1.000000000000158817e-01 8.008744613051220762e-01 -2.223853946354295286e-01 4.583812850246317128e-01 2.152609177289046272e-01 2.936664993473101948e+00 1.368344865895942605e-02 1.000000000000000000e+04 1.416991559903363080e-03 2.142386998369699876e-03 7.546409449007021684e-04 1.575252514300957583e-04 3.594036154607486641e-03 1.419527254393188921e-02
8.000000000000000000e+00 1.000000000000000000e+00 1.250000000000000000e-01 2.026311804140414410e-02 2.026311804140414410e-02 5.650000000000958700e+00 1.562500000000000000e-02 1.000000000000158817e-01 7.995154995089140959e-01 -2.258277381566668740e-01 4.578129184727370293e-01 2.124149523069077394e-01 2.920977973308912290e+00 1.375678511814460922e-02 1.000000000000000000e+04 1.428538714530830150e-03 2.154941375321465808e-03 7.637326790296972015e-04 1.579882875350926519e-04 3.627005824326865868e-03 1.428244617755931520e-02
8.000000000000000000e+00 1.000000000000000000e+00 1.250000000000000000e-01 2.026311804140414410e-02 2.026311804140414410e-02 5.699999999999057820e+00 1.562500000000000000e-02 1.000000000000158817e-01 7.980935446456666194e-01 -2.291987014353078778e-01 4.572187306438667553e-01 2.100556987390749253e-01 2.907198789208409018e+00 1.401930349637350512e-02 1.000000000000000000e+04 1.439125473375013967e-03 2.163433114514454539e-03 7.693613170552417429e-04 1.595929262428264557e-04 3.571050789840626155e-03 1.408653030913934942e-02
8.000000000000000000e+00 1.000000000000000000e+00 1.250000000000000000e-01 2.026311804140414410e-02 2.026311804140414410e-02 5.750000000000000000e+00 1.562500000000000000e-02 1.000000000000158817e-01 7.967256107905090756e-01 -2.324471608121000954e-01 4.566518221860148552e-01 2.087502390029866983e-01 2.894060588342366902e+00 1.406134245621609540e-02 1.000000000000000000e+04 1.452980932007222250e-03 2.177381800389539303e-03 7.764696412867020271e-04 1.601030951830497914e-04 3.610016426478008036e-03 1.421412715599586381e-02
8.000000000000000000e+00 1.000000000000000000e+00 1.250000000000000000e-01 2.026311804140414410e-02 2.026311804140414410e-02 5.800000000000976819e+00 1.562500000000000000e-02 1.000000000000158817e-01 7.952622736601281384e-01 -2.358215490356367905e-01 4.560695263429801471e-01 2.064010437564735567e-01 2.880609698750843606e+00 1.432516553425251978e-02 1.000000000000000000e+04 1.463696677623205818e-03 2.185422658009516465e-03 7.822466352650393620e-04 1.617042719732752630e-04 3.554385053786188794e-03 1.401772868134696162e-02
8.000000000000000000e+00 1.000000000000000000e+00 1.250000000000000000e-01 2.026311804140414410e-02 2.026311804140414410e-02 5.849999999999024425e+00 1.562500000000000000e-02 1.000000000000158817e-01 7.937054904813294343e-01 -2.392314440978927370e-01 4.554889535837955972e-01 2.042055434672640779e-01 2.867624893631941507e+00 1.442877138481539478e-02 1.000000000000000000e+04 1.477276463708561156e-03 2.198860800196722649e-03 7.941336929217159175e-04 1.634340937418586571e-04 3.594845652631977698e-03 1.417215497916218640e-02
8.000000000000000000e+00 1.000000000000000000e+00 1.250000000000000000e-01 2.026311804140414410e-02 2.026311804140414410e-02 5.900000000000980016e+00 1.562500000000000000e-02 1.000000000000158817e-01 7.921997277588692654e-01 -2.426133842845868971e-01 4.549100911901441391e-01 2.018681586979219900e-01 2.854257305968274316e+00 1.469443001854268439e-02 1.000000000000000000e+04 1.488098563984357244e-03 2.206512503632161032e-03 8.001663423194923554e-04 1.650430487918979835e-04 3.539157833485228992e-03 1.397537256237835895e-02
8.000000000000000000e+00 1.000000000000000000e+00 1.250000000000000000e-01 2.026311804140414410e-02 2.026311804140414410e-02 5.949999999998975220e+00 1.562500000000000000e-02 1.000000000000158817e-01 7.907100219084608472e-01 -2.460457171251355657e-01 4.542028532765709503e-01 1.988995034853465738e-01 2.841389071844153236e+00 1.478197802447625379e-02 1.000000000000000000e+04 1.499212703924240279e-03 2.220558702986244384e-03 8.122573358161842534e-04 1.661907476884725025e-04 3.581941182179896113e-03 1.413715541618712143e-02
8.000000000000000000e+00 1.000000000000000000e+00 1.250000000000000000e-01 2.026311804140414410e-02 2.026311804140414410e-02 6.000000000000000000e+00 1.562500000000000000e-02 1.000000000000158817e-01 7.891616318022888210e-01 -2.494398110850449546e-01 4.536230622650234134e-01 1.965760590957380261e-01 2.828172398025691425e+00 1.504981761645474668e-02 1.000000000000000000e+04 1.510154619329426599e-03 2.227827113101557132e-03 8.185529484050417352e-04 1.678244875872570124e-04 3.526226736582773868e-03 1.394079443435122974e-02
8.000000000000000000e+00 1.000000000000000000e+00 1.250000000000000000e-01 2.026311804140414410e-02 2.026311804140414410e-02 6.050000000001055867e+00 1.562500000000000000e-02 1.000000000000158817e-01 7.876450525949488801e-01 -2.528084639654422650e-01 4.529209929165313731e-01 1.946609251847241651e-01 2.817404336755986005e+00 1.511010510539340448e-02 1.000000000000000000e+04 1.522886255000491197e-03 2.241614278120211603e-03 8.314673664389143817e-04 1.682397549684719210e-04 3.566045239424193037e-03 1.407797965089436186e-02
8.000000000000000000e+00 1.000000000000000000e+00 1.250000000000000000e-01 2.026311804140414410e-02 2.026311804140414410e-02 6.099999999999004885e+00 1.562500000000000000e-02 1.000000000000158817e-01 7.860543837763233066e-01 -2.562062188229395354e-01 4.523422816642077016e-01 1.923303023923473021e-01 2.804227130310524174e+00 1.538035363515180380e-02 1.000000000000000000e+04 1.533940707153227381e-03 2.248516732383281508e-03 8.380171428205949059e-04 1.698900885428571974e-04 3.510238335573024823e-03 1.388160709101423154e-02
8.000000000000000000e+00 1.000000000000000000e+00 1.250000000000000000e-01 2.026311804140414410e-02 2.026311804140414410e-02 6.150000000000998668e+00 1.562500000000000000e-02 1.000000000000158817e-01 7.843504583905827054e-01 -2.599390092937094443e-01 4.516069538696692032e-01 1.895412323061258786e-01 2.790870073872828705e+00 1.539519006297968527e-02 1.000000000000000000e+04 1.549256996082420046e-03 2.262575407046095791e-03 8.544384907959050096e-04 1.694772832269228079e-04 3.552483924516270774e-03 1.400980288591120726e-02
8.000000000000000000e+00 1.000000000000000000e+00 1.250000000000000000e-01 2.026311804140414410e-02 2.026311804140414410e-02 6.199999999998898836e+00 1.562500000000000000e-02 1.000000000000158817e-01 7.827151966975606223e-01 -2.633453115236532027e-01 4.510277133434638097e-01 1.872380705102139054e-01 2.777846806842619642e+00 1.566732070335378341e-02 1.000000000000000000e+04 1.560419916252715799e-03 2.269069802753168486e-03 8.612765342197572019e-04 1.711194084011699373e-04 3.496370251034682138e-03 1.381326484781028423e-02
8.000000000000000000e+00 1.000000000000000000e+00 1.250000000000000000e-01 2.026311804140414410e-02 2.026311804140414410e-02 6.250000000000000000e+00 1.562500000000000000e-02 1.000000000000158817e-01 7.810724864046835192e-01 -2.664798221563732805e-01 4.505373055725164777e-01 1.864889503991832564e-01 2.767150651209477896e+00 1.574427469004814270e-02 1.000000000000000000e+04 1.575020147463852219e-03 2.280349966655830125e-03 8.742690060708644068e-04 1.727053481944441102e-04 3.530988877244933908e-03 1.394120610215289838e-02
8.000000000000000000e+00 1.000000000000000000e+00 1.250000000000000000e-01 2.026311804140414410e-02 2.026311804140414410e-02 6.300000000001129585e+00 1.562500000000000000e-02 1.000000000000158817e-01 7.793963608986184122e-01 -2.698808478663229926e-01 4.499693570196348635e-01 1.842092367436903022e-01 2.754571412779356798e+00 1.601915721894191930e-02 1.000000000000000000e+04 1.586276304369750286e-03 2.286379232125756826e-03 8.812150221037467557e-04 1.743831008782418363e-04 3.475114008076151794e-03 1.374436843810206664e-02
8.000000000000000000e+00 1.000000000000000000e+00 1.250000000000000000e-01 2.026311804140414410e-02 2.026311804140414410e-02 6.349999999998986233e+00 1.562500000000000000e-02 1.000000000000158817e-01 7.776555855753803925e-01 -2.733031127857957210e-01 4.492919703892974126e-01 1.820654234417281303e-01 2.743364055959916392e+00 1.608534394101977100e-02 1.000000000000000000e+04 1.601580277660121692e-03 2.298502180113783273e-03 8.972275540707813418e-04 1.758873773972047196e-04 3.519236443283952319e-03 1.389836186445527616e-02
8.000000000000000000e+00 1.000000000000000000e+00 1.250000000000000000e-01 2.026311804140414410e-02 2.026311804140414410e-02 6.400000000001016431e+00 1.562500000000000000e-02 1.000000000000158817e-01 7.759368080188513428e-01 -2.767061588966517327e-01 4.487220760511212436e-01 1.797918109208855586e-01 2.731043699639194688e+00 1.636314007005642418e-02 1.000000000000000000e+04 1.612925731399764400e-03 2.304180245971522521e-03 9.043759382539849363e-04 1.776070123138433947e-04 3.463606916927507596e-03 1.370198243733399684e-02
8.000000000000000000e+00 1.000000000000000000e+00 1.250000000000000000e-01 2.026311804140414410e-02 2.026311804140414410e-02 6.449999999998829558e+00 1.562500000000000000e-02 1.000000000000158817e-01 7.741989998439531284e-01 -2.800074193017410562e-01 4.482495296022183662e-01 1.773997994918550258e-01 2.717088455836152328e+00 1.641254106810285940e-02 1.000000000000000000e+04 1.627183989078844579e-03 2.313773252718927687e-03 9.195180066983641137e-04 1.791261604614013741e-04 3.501127886878906831e-03 1.383116736204015318e-02
8.000000000000000000e+00 1.000000000000000000e+00 1.250000000000000000e-01 2.026311804140414410e-02 2.026311804140414410e-02 6.500000000000000000e+00 1.562500000000000000e-02 1.000000000000158817e-01 7.724383094310748321e-01 -2.834138991655038575e-01 4.476824953039694188e-01 1.751367028300291895e-01 2.705052259064655740e+00 1.669270110740224064e-02 1.000000000000000000e+04 1.638597697695470508e-03 2.319039006273196542e-03 9.268268308528663851e-04 1.808766720853526022e-04 3.445203289071647242e-03 1.363444838623893707e-02
8.000000000000000000e+00 1.000000000000000000e+00 1.250000000000000000e-01 2.026311804140414410e-02 2.026311804140414410e-02 6.550000000001197975e+00 1.562500000000000000e-02 1.000000000000158817e-01 7.705572139174513557e-01 -2.871427963418294316e-01 4.470050055553099755e-01 1.710918255519991438e-01 2.693754979793416382e+00 1.677120370810707486e-02 1.000000000000000000e+04 1.652801921247651698e-03 2.328797079767616629e-03 9.430406279991366582e-04 1.815537688580644423e-04 3.491415518580459707e-03 1.373401612254302948e-02
8.000000000000000000e+00 1.000000000000000000e+00 1.250000000000000000e-01 2.026311804140414410e-02 2.026311804140414410e-02 6.599999999999020872e+00 1.562500000000000000e-02 1.000000000000158817e-01 7.687518794315061355e-01 -2.905645151697214823e-01 4.464315775065184622e-01 1.688549318140691591e-01 2.682073340662005645e+00 1.705365121328577746e-02 1.000000000000000000e+04 1.664290219678760986e-03 2.333654526577667865e-03 9.505482666979197777e-04 1.832941160256293140e-04 3.435348289764010490e-03 1.353686867095984722e-02
8.000000000000000000e+00 1.000000000000000000e+00 1.250000000000000000e-01 2.026311804140414410e-02 2.026311804140414410e-02 6.650000000000928502e+00 1.562500000000000000e-02 1.000000000000158817e-01 7.669809234681718157e-01 -2.938656186206070053e-01 4.459197346974799747e-01 1.669791990355369293e-01 2.668262296130571531e+00 1.714325676709090029e-02 1.000000000000000000e+04 1.676758522206647480e-03 2.342332261950017154e-03 9.633882076580761993e-04 1.852119975440014079e-04 3.464483693135031114e-03 1.363615971401279520e-02
8.000000000000000000e+00 1.000000000000000000e+00 1.250000000000000000e-01 2.026311804140414410e-02 2.026311804140414410e-02 6.699999999998764721e+00 1.562500000000000000e-02 1.000000000000158817e-01 7.651335663149373412e-01 -2.972888642431457673e-01 4.453537856241365223e-01 1.647727144603872707e-01 2.656946998303493679e+00 1.742821773003984040e-02 1.000000000000000000e+04 1.688313067985487128e-03 2.346762574148584645e-03 9.708692702194063849e-04 1.869704066791762903e-04 3.408370761226274265e-03 1.343930745740223691e-02
8.000000000000000000e+00 1.000000000000000000e+00 1.250000000000000000e-01 2.026311804140414410e-02 2.026311804140414410e-02 6.750000000000000000e+00 1.562500000000000000e-02 1.000000000000158817e-01 7.632596942598292022e-01 -3.005128673088098279e-01 4.449181686546172521e-01 1.630041105667443257e-01 2.649110613861156427e+00 1.746467207511859937e-02 1.000000000000000000e+04 1.705031226476207877e-03 2.355857512042972089e-03 9.840019920687183806e-04 1.863833996301317558e-04 3.445188047674796472e-03 1.352864116303440292e-02
8.000000000000000000e+00 1.000000000000000000e+00 1.250000000000000000e-01 2.026311804140414410e-02 2.026311804140414410e-02 6.800000000001260148e+00 1.562500000000000000e-02 1.000000000000158817e-01 7.613707997994156873e-01 -3.039334361682846652e-01 4.443538532738355307e-01 1.608524724954696339e-01 2.637964457827236320e+00 1.775288116217834181e-02 1.000000000000000000e+04 1.716641757473290125e-03 2.359932662380491517e-03 9.915115046999938616e-04 1.881508768864319215e-04 3.389075443196071930e-03 1.333922860703817131e-02
8.000000000000000000e+00 1.000000000000000000e+00 1.250000000000000000e-01 2.026311804140414410e-02 2.026311804140414410e-02 6.849999999999269562e+00 1.562500000000000000e-02 1.000000000000158817e-01 7.594533939046190785e-01 -3.071533131613881640e-01 4.438415208300715009e-01 1.601814817562747795e-01 2.628066870840557900e+00 1.785673460871569848e-02 1.000000000000000000e+04 1.730644542334957908e-03 2.369419950259278596e-03 1.004759890143630931e-03 1.898531204212075920e-04 3.422931902123096861e-03 1.348249948224436966e-02
8.000000000000000000e+00 1.000000000000000000e+00 1.250000000000000000e-01 2.026311804140414410e-02 2.026311804140414410e-02 6.900000000000682476e+00 1.562500000000000000e-02 1.000000000000158817e-01 7.575230269704956720e-01 -3.105640473753694675e-01 4.432818001154649190e-01 1.580956600376282606e-01 2.617392474414462988e+00 1.814773310603219614e-02 1.000000000000000000e+04 1.742312770101762725e-03 2.373213800881174632e-03 1.012241703196159817e-03 1.916241960749791090e-04 3.367496403250371233e-03 1.329944418830714993e-02
8.000000000000000000e+00 1.000000000000000000e+00 1.250000000000000000e-01 2.026311804140414410e-02 2.026311804140414410e-02 6.949999999998705213e+00 1.562500000000000000e-02 1.000000000000158817e-01 7.555188469214865199e-01 -3.140923504202932093e-01 4.427335611244579971e-01 1.556174785915570291e-01 2.605702338959051900e+00 1.828182017522050548e-02 1.000000000000000000e+04 1.755716005574944416e-03 2.380979382727749314e-03 1.022467738719318566e-03 1.939965417358943613e-04 3.406028062702445413e-03 1.339730492127532736e-02
8.000000000000000000e+00 1.000000000000000000e+00 1.250000000000000000e-01 2.026311804140414410e-02 2.026311804140414410e-02 7.000000000000000000e+00 1.562500000000000000e-02 1.000000000000158817e-01 7.535451060631237485e-01 -3.175045148814758522e-01 4.421757450872759176e-01 1.535901255197620052e-01 2.595314129330707154e+00 1.857588540722057355e-02 1.000000000000000000e+04 1.767437458221388308e-03 2.384400268701904538e-03 1.029920755968436429e-03 1.957964136766399610e-04 3.350760519343791866e-03 1.321660914219277907e-02
8.000000000000000000e+00 1.000000000000000000e+00 1.250000000000000000e-01 2.026311804140414410e-02 2.026311804140414410e-02 7.050000000001318767e+00 1.562500000000000000e-02 1.000000000000158817e-01 7.514399572470312760e-01 -3.210041636878447346e-01 4.414909843893453645e-01 1.511044500331691909e-01 2.587106396981967649e+00 1.869332479921264126e-02 1.000000000000000000e+04 1.783132839972664981e-03 2.394421550175983206e-03 1.042842564373344053e-03 1.972486819847185278e-04 3.394148862599107204e-03 1.330644410585408131e-02
8.000000000000000000e+00 1.000000000000000000e+00 1.250000000000000000e-01 2.026311804140414410e-02 2.026311804140414410e-02 7.099999999999499600e+00 1.562500000000000000e-02 1.000000000000158817e-01 7.494230207673356903e-01 -3.244151795753321688e-01 4.409293514160511074e-01 1.491278297185971990e-01 2.576844556644338535e+00 1.899042093316511207e-02 1.000000000000000000e+04 1.794916086233554501e-03 2.397532706962073913e-03 1.050314099180373441e-03 1.990670791648806615e-04 3.338858600245958510e-03 1.312879424353894861e-02
8.000000000000000000e+00 1.000000000000000000e+00 1.250000000000000000e-01 2.026311804140414410e-02 2.026311804140414410e-02 7.150000000000455103e+00 1.562500000000000000e-02 1.000000000000158817e-01 7.473991730480709084e-01 -3.279367184655513912e-01 4.401341837796782785e-01 1.468112829315517676e-01 2.573739771700720880e+00 1.905108078857124798e-02 1.000000000000000000e+04 1.808254873532739657e-03 2.407362912311883721e-03 1.067244531540723724e-03 1.989337804659022341e-04 3.395560632882556416e-03 1.324909144180650040e-02
8.000000000000000000e+00 1.000000000000000000e+00 1.250000000000000000e-01 2.026311804140414410e-02 2.026311804140414410e-02 7.199999999998648370e+00 1.562500000000000000e-02 1.000000000000158817e-01 7.453389197972057900e-01 -3.313438117018948081e-01 4.395671498356614193e-01 1.449153423436101429e-01 2.563314546764964508e+00 1.935056362426855817e-02 1.000000000000000000e+04 1.820097008225957580e-03 2.410184684872553312e-03 1.074877219877445151e-03 2.007549431070843808e-04 3.339860528047658601e-03 1.307404595525312428e-02
8.000000000000000000e+00 1.000000000000000000e+00 1.250000000000000000e-01 2.026311804140414410e-02 2.026311804140414410e-02 7.250000000000000000e+00 1.562500000000000000e-02 1.000000000000158817e-01 7.433680426876401182e-01 -3.344435900153367447e-01 4.390654524713947238e-01 1.443958727030481282e-01 2.551884942823931635e+00 1.940736386674283762e-02 1.000000000000000000e+04 1.835025763846800375e-03 2.417008870472503110e-03 1.089776190111510501e-03 2.008201475994997255e-04 3.371855276612037086e-03 1.319994294895372733e-02
8.000000000000000000e+00 1.000000000000000000e+00 1.250000000000000000e-01 2.026311804140414410e-02 2.026311804140414410e-02 7.300000000001373834e+00 1.562500000000000000e-02 1.000000000000158817e-01 7.412671714330070216e-01 -3.378345874276157956e-01 4.385081788530969527e-01 1.425580605754674379e-01 2.541379007927309086e+00 1.970861776056608353e-02 1.000000000000000000e+04 1.846914063700510859e-03 2.419486966632795714e-03 1.097474177620335950e-03 2.026405986796683107e-04 3.315405786975549399e-03 1.302395667041751984e-02
8.000000000000000000e+00 1.000000000000000000e+00 1.250000000000000000e-01 2.026311804140414410e-02 2.026311804140414410e-02 7.349999999999714539e+00 1.562500000000000000e-02 1.000000000000158817e-01 7.390943801653824252e-01 -3.412607748391361939e-01 4.378809317191635908e-01 1.407965927661161132e-01 2.534054044665571048e+00 1.981107220699256447e-02 1.000000000000000000e+04 1.861163406269215632e-03 2.427416929726850144e-03 1.112047533300712307e-03 2.050708778484716080e-04 3.359042286185054405e-03 1.318731459687013177e-02
8.000000000000000000e+00 1.000000000000000000e+00 1.250000000000000000e-01 2.026311804140414410e-02 2.026311804140414410e-02 7.400000000000244604e+00 1.562500000000000000e-02 1.000000000000158817e-01 7.369509293300819941e-01 -3.446427386568503004e-01 4.373235395264871150e-01 1.390197229859361783e-01 2.523668281018586868e+00 2.011463204626461054e-02 1.000000000000000000e+04 1.873086299582469010e-03 2.429631860452866748e-03 1.119758944031164650e-03 2.069043650997352173e-04 3.302474021668581547e-03 1.301019731747811436e-02
8.000000000000000000e+00 1.000000000000000000e+00 1.250000000000000000e-01 2.026311804140414410e-02 2.026311804140414410e-02 7.449999999998595968e+00 1.562500000000000000e-02 1.000000000000158817e-01 7.346356739641541900e-01 -3.479693857684804659e-01 4.367851755482354825e-01 1.377578520897347336e-01 2.516638357479202170e+00 2.017983683053847094e-02 1.000000000000000000e+04 1.891445410231708040e-03 2.438242115943680191e-03 1.134534092341105225e-03 2.078822262387987449e-04 3.345016072670715501e-03 1.315211996919010348e-02
8.000000000000000000e+00 1.000000000000000000e+00 1.250000000000000000e-01 2.026311804140414410e-02 2.026311804140414410e-02 7.500000000000000000e+00 1.562500000000000000e-02 1.000000000000158817e-01 7.324503377144909733e-01 -3.513373763309751152e-01 4.362298183005280383e-01 1.360120916935614599e-01 2.506022443590485871e+00 2.048542176071676060e-02 1.000000000000000000e+04 1.903400901220505528e-03 2.440171018336252315e-03 1.142297649363330486e-03 2.097137926076397482e-04 3.287824661862206923e-03 1.297217110603759473e-02
8.000000000000000000e+00 1.000000000000000000e+00 1.250000000000000000e-01 2.026311804140414410e-02 2.026311804140414410e-02 7.550000000001424461e+00 1.562500000000000000e-02 1.000000000000158817e-01 7.301615509985081021e-01 -3.548039861101418002e-01 4.355984453903503084e-01 1.340311012491809395e-01 2.494916290445611029e+00 2.055956754449161580e-02 1.000000000000000000e+04 1.919470375722376115e-03 2.447844792807236762e-03 1.155898181073852348e-03 2.100496551432720919e-04 3.326412946240886806e-03 1.309739817071962041e-02
8.000000000000000000e+00 1.000000000000000000e+00 1.250000000000000000e-01 2.026311804140414410e-02 2.026311804140414410e-02 7.599999999999915268e+00 1.562500000000000000e-02 1.000000000000158817e-01 7.279335240040293309e-01 -3.581637345331724065e-01 4.350417152103184804e-01 1.323185746074680980e-01 2.484160186616673371e+00 2.086618667650905895e-02 1.000000000000000000e+04 1.931467930525757873e-03 2.449509717143010662e-03 1.163712990992507796e-03 2.118497059143585267e-04 3.268862091481562326e-03 1.291807539217597334e-02
8.000000000000000000e+00 1.000000000000000000e+00 1.250000000000000000e-01 2.026311804140414410e-02 2.026311804140414410e-02 7.650000000000044764e+00 1.562500000000000000e-02 1.000000000000158817e-01 7.257736250362870623e-01 -3.614612059121976029e-01 4.345471920646082897e-01 1.316089281914899767e-01 2.473784365646770844e+00 2.095992701032501834e-02 1.000000000000000000e+04 1.943399700582613791e-03 2.454288831296575629e-03 1.177079049381833838e-03 2.133707231553077968e-04 3.302226223500485166e-03 1.303889251705038846e-02
8.000000000000000000e+00 1.000000000000000000e+00 1.250000000000000000e-01 2.026311804140414410e-02 2.026311804140414410e-02 7.699999999998548006e+00 1.562500000000000000e-02 1.000000000000158817e-01 7.235040473561863417e-01 -3.648026186531646564e-01 4.340010204250107639e-01 1.299609514117751885e-01 2.463174580178341344e+00 2.126888896261362044e-02 1.000000000000000000e+04 1.955419570569555052e-03 2.455628929985726946e-03 1.184894324150291599e-03 2.151882652040734646e-04 3.244436575124921493e-03 1.286024716837026911e-02
8.000000000000000000e+00 1.000000000000000000e+00 1.250000000000000000e-01 2.026311804140414410e-02 2.026311804140414410e-02 7.750000000000000000e+00 1.562500000000000000e-02 1.000000000000158817e-01 7.213180242157659627e-01 -3.679477902729157979e-01 4.333571522025507217e-01 1.300716394932195652e-01 2.453900596713737503e+00 2.134375429069359370e-02 1.000000000000000000e+04 1.969520737528073981e-03 2.463488029708972484e-03 1.198429537607127206e-03 2.170963928654021395e-04 3.279272269192838336e-03 1.301245145325603120e-02
8.000000000000000000e+00 1.000000000000000000e+00 1.250000000000000000e-01 2.026311804140414410e-02 2.026311804140414410e-02 7.800000000001471534e+00 1.562500000000000000e-02 1.000000000000158817e-01 7.190079814551055826e-01 -3.712648184047191435e-01 4.328245049823295498e-01 1.284396734622638148e-01 2.443433328338126209e+00 2.165521774191412827e-02 1.000000000000000000e+04 1.981571899806517170e-03 2.464527560192093878e-03 1.206179593748282894e-03 2.189238311611883684e-04 3.221502797532384537e-03 1.283246008760906623e-02
8.000000000000000000e+00 1.000000000000000000e+00 1.250000000000000000e-01 2.026311804140414410e-02 2.026311804140414410e-02 7.850000000000103562e+00 1.562500000000000000e-02 1.000000000000158817e-01 7.167928040689286462e-01 -3.745852812968054613e-01 4.323081817836831875e-01 1.267947260197897497e-01 2.436349297501412270e+00 2.174859139489796270e-02 1.000000000000000000e+04 1.993360108470274006e-03 2.468820879946476837e-03 1.217880841695488225e-03 2.184823030088637002e-04 3.255422009594480595e-03 1.290764259319961832e-02
8.000000000000000000e+00 1.000000000000000000e+00 1.250000000000000000e-01 2.026311804140414410e-02 2.026311804140414410e-02 7.899999999999860023e+00 1.562500000000000000e-02 1.000000000000158817e-01 7.144413121800893274e-01 -3.778909608740229076e-01 4.317804411900662553e-01 1.251879648797436795e-01 2.426301903687426265e+00 2.206269082316927518e-02 1.000000000000000000e+04 2.005430473728967832e-03 2.469552707846378158e-03 1.225540895849730992e-03 2.202587907637173689e-04 3.197862757213122600e-03 1.272783337606208688e-02
8.000000000000000000e+00 1.000000000000000000e+00 1.250000000000000000e-01 2.026311804140414410e-02 2.026311804140414410e-02 7.949999999998500932e+00 1.562500000000000000e-02 1.000000000000158817e-01 7.121202759579345898e-01 -3.811516869215652581e-01 4.314965297299118152e-01 1.247004714082139282e-01 2.419179257745153855e+00 2.213667223938462977e-02 1.000000000000000000e+04 2.017963660739761737e-03 2.473733286177523614e-03 1.234580217266145925e-03 2.233568674586019326e-04 3.238729895706938394e-03 1.284561126721834277e-02
8.000000000000000000e+00 1.000000000000000000e+00 1.250000000000000000e-01 2.026311804140414410e-02 2.026311804140414410e-02 8.000000000000000000e+00 1.562500000000000000e-02 1.000000000000158817e-01 7.097278065007622816e-01 -3.844372858606331378e-01 4.309840600842074210e-01 1.231306165357500537e-01 2.409121952713169534e+00 2.245289507544882129e-02 1.000000000000000000e+04 2.030041781449463522e-03 2.474175609742819068e-03 1.242054878590242474e-03 2.251628446974447456e-04 3.181006650361789707e-03 1.266696530814852110e-02
